,latitude,longitude,t_winter,t_spring,t_summer,t_fall,p_winter,p_spring,p_summer,p_fall,carb,veg
0,32.5625,243.0625,13.209499,16.019327,21.191208,18.987041,1.7818942,0.9278229,0.079055905,0.42536193,1.498861066446086,1.0
1,32.5625,243.1875,11.126074,14.355422,20.732061,17.534286,2.1679037,1.1743222,0.11734417,0.6468199,2.763760696165335,1.0
2,32.6875,243.0625,13.27401,16.141298,21.41321,19.143139,1.801917,0.9153781,0.073457316,0.4463389,1.8481174813879762,1.0
3,32.6875,243.1875,12.192781,15.664566,22.704735,19.012733,2.1692245,1.1975344,0.11300668,0.65363383,5.5623171691542215,1.0
4,32.6875,243.3125,9.981687,13.987834,22.163626,17.377697,2.4181747,1.3205019,0.17214996,0.723509,6.7257003951319865,1.0
5,32.6875,243.4375,8.73446,12.6406355,21.05632,16.027725,2.3685098,1.2373196,0.2908529,0.8567235,14.710120669537327,1.0
6,32.6875,243.5625,8.464135,12.269389,20.876282,15.665647,2.4504414,1.3004805,0.3355251,0.87385356,17.880139919600843,1.0
7,32.6875,243.6875,7.5036507,11.367394,20.017715,14.787962,2.102967,1.0971019,0.35660535,0.7959928,13.995257348400235,1.0
8,32.6875,243.8125,8.965399,12.873932,21.56018,16.317379,1.4685712,0.6418696,0.33382934,0.59053105,9.817546998114748,1.0
9,32.6875,243.9375,11.30318,15.482803,24.397808,18.830994,0.786569,0.2626161,0.26034114,0.39893895,0.9652809237218202,1.0
10,32.6875,244.0625,13.889328,18.49444,27.626339,21.682976,0.33676767,0.05975898,0.1774857,0.20668063,0.3301693943549423,
11,32.6875,244.1875,14.812978,19.688515,29.01654,22.774626,0.28831992,0.05678582,0.15781446,0.22129413,0.3693510285511405,
12,32.6875,244.8125,15.468794,23.098385,33.64609,25.216694,0.29478937,0.0864532,0.16621615,0.27237734,0.29038400372572887,1.0
13,32.8125,243.1875,13.158122,16.37151,23.676802,20.086615,2.20247,1.1972905,0.11237057,0.741364,6.237666612997312,1.0
14,32.8125,243.3125,10.406124,13.885018,21.635666,17.540924,2.6365492,1.4671345,0.25131753,0.91313493,10.09883792441476,1.0
15,32.8125,243.4375,7.5728254,11.464493,20.042727,14.984502,3.2355359,1.8013568,0.36036155,1.1657728,14.605604850790785,1.0
16,32.8125,243.5625,5.4172273,9.383221,18.140005,12.865391,3.283071,1.796129,0.44631067,1.2179387,20.776111131980873,1.0
17,32.8125,243.6875,7.6565943,11.708202,20.630604,15.145554,1.8510741,0.93361396,0.38845384,0.72901165,15.264985251373426,1.0
18,32.8125,243.8125,12.277263,16.660183,25.858438,19.98682,0.51147604,0.13324952,0.23191077,0.33078882,1.9864114628089653,
19,32.8125,243.9375,13.418096,18.145264,27.410572,21.303549,0.43533874,0.081767395,0.20904315,0.29203978,0.4363070821204717,
20,32.8125,244.0625,14.587629,19.416878,28.72397,22.534548,0.30648616,0.059584983,0.17729616,0.20802735,0.34757402058058706,
21,32.8125,244.1875,15.170564,20.212593,29.634502,23.253143,0.2641406,0.054452408,0.15332404,0.20574948,0.34274056723084106,
22,32.8125,244.8125,15.611843,23.702791,34.455032,25.688005,0.30195,0.0985099,0.18880674,0.2750165,0.2842313697256416,1.0
23,32.8125,244.9375,15.510476,23.570826,34.30478,25.591686,0.30757368,0.11223145,0.22322969,0.2764307,0.3372249261775363,
24,32.8125,245.0625,15.339439,23.37226,34.09033,25.421633,0.32780138,0.11752518,0.2338387,0.26495594,0.3676558938647569,
25,32.8125,245.1875,15.087304,23.144825,33.85221,25.187445,0.3300213,0.121022224,0.23790357,0.28180686,0.30681850999443305,
26,32.8125,245.3125,14.022101,21.878958,32.297256,24.070559,0.3006373,0.0970784,0.23727043,0.27772674,0.2935731022565091,
27,32.8125,245.4375,14.537733,22.603022,33.08097,24.665306,0.28830022,0.09943131,0.24610704,0.29230836,0.2457432124363891,
28,32.9375,242.9375,13.357533,16.716255,23.062384,19.846704,1.8573527,0.92985463,0.06127001,0.6005588,3.1066762572179316,1.0
29,32.9375,243.0625,12.780564,16.094273,23.117813,19.615267,2.0239458,1.082768,0.0838442,0.65504277,2.390494915419489,1.0
30,32.9375,243.1875,12.227197,15.453187,22.554743,19.138262,2.2672637,1.2190855,0.13609213,0.76885515,2.6219264128323334,1.0
31,32.9375,243.3125,10.609761,14.310968,22.804333,17.980652,2.862898,1.5928792,0.28938347,1.0374355,4.1862896499663185,1.0
32,32.9375,243.4375,6.1643267,10.423283,19.941996,13.962348,3.6938572,2.0834837,0.3891656,1.440114,8.2891524758106,1.0
33,32.9375,243.5625,8.098986,12.446419,21.975994,15.9534,2.0691633,1.0117342,0.3627593,0.816402,9.094205681062881,1.0
34,32.9375,243.6875,11.398505,16.118843,25.692928,19.404314,0.81106174,0.23761018,0.2448478,0.39304125,3.0643639548365584,1.0
35,32.9375,243.8125,13.453757,18.3159,27.859697,21.513327,0.4117747,0.095402405,0.18498716,0.2643513,0.4436083687450998,
36,32.9375,243.9375,13.847077,18.785225,28.310999,21.931171,0.36037377,0.08008186,0.19442582,0.24791871,0.3658942366846849,
37,32.9375,244.0625,14.784698,19.754951,29.262499,22.872519,0.31145898,0.064422056,0.16548924,0.21978849,0.365609260243784,
38,32.9375,244.1875,15.16255,20.309807,29.917402,23.341162,0.2876868,0.062153578,0.15654173,0.2315023,0.3742261310612397,
39,32.9375,244.3125,15.659837,21.70193,31.684734,24.447208,0.26748574,0.07477179,0.14934534,0.2688599,0.35646090788720375,
40,32.9375,244.8125,15.489161,23.618435,34.366413,25.585548,0.30346,0.10459023,0.19266504,0.27587682,0.2894342498371927,1.0
41,32.9375,244.9375,15.184925,23.279694,34.009037,25.283653,0.33591473,0.112684965,0.23645112,0.28061274,0.3597936618135908,
42,32.9375,245.0625,14.969457,23.027721,33.738804,25.066988,0.34230003,0.11824921,0.23719487,0.309859,0.3173998467735437,1.0
43,32.9375,245.1875,14.450087,22.52808,33.231464,24.55469,0.38066655,0.12211841,0.2515072,0.3473842,0.2684340118805543,1.0
44,32.9375,245.3125,13.764817,21.729477,32.253025,23.850891,0.3561359,0.11025363,0.23799103,0.3481971,0.2253770927525678,
45,32.9375,245.4375,13.996882,22.078236,32.59496,24.130194,0.3246312,0.10907769,0.2560007,0.3372384,0.2483304463789961,1.0
46,33.0625,243.0625,12.176943,15.53084,22.769348,18.935064,2.1441252,1.1528418,0.103752084,0.68096113,4.334489271106223,1.0
47,33.0625,243.1875,11.314837,14.616764,22.467512,18.278004,2.211893,1.2083945,0.1231433,0.7545227,3.1971898523918503,1.0
48,33.0625,243.3125,9.578267,13.283251,22.53474,17.034882,3.0141747,1.6511632,0.2940559,1.1551793,5.921490091239014,1.0
49,33.0625,243.4375,7.499327,11.75054,21.436438,15.330592,2.5679333,1.3483652,0.37814838,1.0519962,8.157039930661467,1.0
50,33.0625,243.5625,9.684878,14.601483,24.410116,17.891111,1.2775431,0.52356243,0.3263981,0.52176833,5.686402432025128,1.0
51,33.0625,243.6875,9.707983,15.068484,24.90432,18.14374,1.1961061,0.44238913,0.2761302,0.4902886,9.76070809943294,1.0
52,33.0625,243.8125,11.789088,17.234318,27.019125,20.220497,0.6036036,0.17529386,0.19478123,0.30639112,3.4699905730097944,
53,33.0625,243.9375,14.95346,20.36612,30.100794,23.336826,0.27174953,0.06514181,0.14107528,0.20372039,0.3666045537010289,
54,33.0625,244.0625,15.598899,21.085752,30.846958,24.019821,0.25413865,0.076391585,0.12886885,0.20213154,0.3666618085875603,
55,33.0625,244.1875,15.688537,21.75662,31.852833,24.485115,0.26889694,0.062085815,0.12808205,0.22571109,0.35931992819014846,
56,33.0625,244.6875,15.664879,23.838453,34.62194,25.798306,0.28842422,0.09766997,0.19299628,0.27620998,0.2719996120031539,1.0
57,33.0625,244.8125,15.038144,23.242275,33.99492,25.140862,0.33138603,0.10399569,0.20437498,0.2825078,0.2990056751126926,1.0
58,33.0625,244.9375,14.550908,22.754597,33.4937,24.665453,0.3617951,0.110380344,0.2549815,0.32044774,0.26518576631368534,1.0
59,33.0625,245.0625,13.896439,22.117619,32.84868,24.038376,0.37909108,0.11596621,0.25825164,0.36554497,0.25893172825980454,1.0
60,33.0625,245.1875,13.6467705,21.89614,32.61982,23.790434,0.38198543,0.12630896,0.24927,0.39267248,0.24365346393116347,1.0
61,33.0625,245.3125,14.314136,22.344894,32.88287,24.414492,0.32331598,0.10970192,0.24177149,0.31937623,0.22782029083248503,1.0
62,33.1875,242.9375,12.338962,15.8282175,22.331556,18.8458,2.2454674,1.0399251,0.091512725,0.65529895,9.365088028164859,1.0
63,33.1875,243.0625,11.069585,14.816778,22.420084,18.07336,2.2920449,1.1715375,0.14728564,0.7647257,4.318357961714795,1.0
64,33.1875,243.1875,8.979712,13.134907,22.084814,16.534718,2.746088,1.4104168,0.23053645,0.9259005,11.047163274683987,1.0
65,33.1875,243.3125,7.94007,12.130902,21.382011,15.604711,2.76324,1.4498377,0.36144385,1.012259,15.879817808373526,1.0
66,33.1875,243.4375,7.7069616,12.428763,22.106573,15.819338,1.7471257,0.8560026,0.38539958,0.6870781,7.817870847430118,1.0
67,33.1875,243.5625,10.230303,16.440449,26.486874,19.230654,1.0596889,0.40801746,0.31851673,0.44107997,2.81729859392819,1.0
68,33.1875,243.6875,13.958461,20.298592,30.285545,22.952595,0.47489274,0.116250806,0.19846874,0.26239488,0.7343080511778902,
69,33.1875,243.8125,14.653051,20.63947,30.535185,23.414606,0.2840091,0.06425198,0.116455644,0.18603589,0.3645108968176327,
70,33.1875,243.9375,15.209108,21.068413,30.959352,23.880917,0.22763312,0.059750486,0.11837241,0.17565757,0.3707983989444155,
71,33.1875,244.0625,15.608632,21.932156,32.04726,24.547525,0.23223688,0.07088811,0.12535086,0.19525531,0.3693026853086955,
72,33.1875,244.6875,14.923595,23.157232,33.949104,25.06879,0.32627612,0.109971456,0.21146177,0.2977263,0.32735822526144936,1.0
73,33.1875,244.8125,13.7850275,22.060785,32.850563,23.951607,0.4019266,0.11057465,0.2812438,0.3646395,0.31060010160326296,1.0
74,33.1875,244.9375,12.951292,21.377798,32.14939,23.154585,0.44344112,0.1292861,0.38564235,0.41060048,0.31524921900017144,1.0
75,33.1875,245.0625,12.155523,20.615582,31.378784,22.358433,0.41214624,0.12500727,0.3214224,0.4008239,0.24620216159193287,1.0
76,33.1875,245.1875,13.251719,21.751831,32.448612,23.465113,0.37171146,0.13550326,0.2964704,0.3879066,0.18819631568517053,1.0
77,33.3125,242.5625,12.962509,15.525108,20.7323,18.462158,1.7060655,0.7862294,0.07821149,0.54945457,2.381037308548885,1.0
78,33.3125,242.6875,13.580664,16.245277,21.736996,19.317133,1.7551411,0.8079115,0.08143223,0.5607001,2.4175951512677933,1.0
79,33.3125,242.8125,13.81792,16.674479,22.567627,19.876875,1.9546565,0.90453124,0.08158635,0.5994184,3.610569465448687,1.0
80,33.3125,242.9375,13.385409,16.945213,24.258259,20.32295,2.1315863,1.0048795,0.11659305,0.64921016,7.902448940892423,1.0
81,33.3125,243.0625,11.365898,15.515782,24.657486,19.24659,2.5759485,1.2607203,0.22733168,0.86564225,13.288042799967283,1.0
82,33.3125,243.1875,8.404552,12.730751,22.381386,16.523796,2.884236,1.4290124,0.36034214,0.9935492,26.93794997775564,1.0
83,33.3125,243.3125,8.751207,13.229818,22.698551,16.694908,2.074835,1.0446675,0.33260888,0.724922,10.667552219799353,1.0
84,33.3125,243.4375,6.124895,11.150153,20.80378,14.371814,2.0246816,0.9480162,0.47027558,0.7694502,20.33462176616686,1.0
85,33.3125,243.5625,10.610061,16.900448,26.840466,19.583797,0.7797729,0.28203732,0.26922208,0.3799378,2.560828362996054,1.0
86,33.3125,243.6875,14.082138,20.651402,30.576637,23.13812,0.4455169,0.14002678,0.19370702,0.2754902,0.48701330563711887,
87,33.3125,243.8125,12.726847,18.881388,28.752773,21.555744,0.49547625,0.13358672,0.18470411,0.26281732,0.41503648285104994,
88,33.3125,243.9375,14.706423,21.046007,31.083483,23.64847,0.27495292,0.07536265,0.1236329,0.2221636,0.4520983793724464,
89,33.3125,244.4375,16.113028,24.002054,34.644043,26.054602,0.27944523,0.109722935,0.18761203,0.26682934,0.2770286635667926,
90,33.3125,244.5625,15.036349,23.239304,34.030785,25.150381,0.28946853,0.11463738,0.22364382,0.2754392,0.3189275407448277,1.0
91,33.3125,244.6875,13.094679,21.380714,32.18096,23.250416,0.352394,0.11337956,0.26879865,0.3185405,0.3220473896487592,1.0
92,33.3125,244.8125,12.799511,21.17619,31.987604,22.996616,0.38324305,0.1322842,0.28837806,0.3725602,0.2463804953647209,1.0
93,33.3125,244.9375,12.976874,21.706932,32.492416,23.262716,0.40756485,0.15845841,0.30771655,0.36909896,0.23220829113005753,1.0
94,33.3125,245.0625,13.330306,22.124311,32.918427,23.63002,0.38145795,0.14030442,0.28676832,0.3482876,0.2251340043705908,1.0
95,33.3125,245.1875,13.528636,22.389853,33.166775,23.83569,0.35848925,0.13133079,0.30070928,0.32086325,0.2142352329367868,1.0
96,33.4375,242.4375,12.809627,15.58375,20.750229,18.414352,1.9085585,0.78602993,0.08059563,0.536522,5.869230179786992,1.0
97,33.4375,242.5625,11.455767,14.520619,20.360533,17.454924,2.100251,0.87021035,0.07815924,0.545526,7.243766836933172,1.0
98,33.4375,242.6875,12.2416525,15.769861,22.43043,18.814783,1.8307762,0.81331474,0.059230715,0.5449075,7.954551781753032,1.0
99,33.4375,242.8125,12.726004,16.323837,23.379728,19.539907,1.9682287,0.90687954,0.09750195,0.58731693,8.191530884728607,1.0
100,33.4375,242.9375,12.946888,16.966211,25.42786,20.555195,2.0145924,0.95318913,0.15458956,0.64930654,11.376713108497206,1.0
101,33.4375,243.0625,11.5808735,15.786618,25.303822,19.684319,2.428814,1.151714,0.25873044,0.84850687,14.918934423823154,1.0
102,33.4375,243.1875,11.210627,15.48786,25.32289,19.460045,2.303729,1.0921491,0.3466088,0.8515228,11.715786154462984,1.0
103,33.4375,243.3125,7.9079113,12.434902,22.102322,16.066002,2.487544,1.1901013,0.40683654,0.9324513,15.680651564084586,1.0
104,33.4375,243.4375,8.224497,13.277444,22.975851,16.55289,1.4545616,0.62373054,0.30451953,0.5630969,11.127110472873754,1.0
105,33.4375,243.5625,9.711353,15.347612,25.136055,18.330143,0.8968767,0.3320182,0.20589776,0.36407298,3.67204578443269,1.0
106,33.4375,243.6875,9.675215,16.073341,25.853264,18.599648,0.9361731,0.36165676,0.27407765,0.4039334,1.2390599688401307,1.0
107,33.4375,243.8125,11.117677,17.545973,27.354204,20.045753,0.8003644,0.2869932,0.25948638,0.37419248,0.7814821617344592,1.0
108,33.4375,244.1875,16.244896,24.004362,34.541897,26.064339,0.299637,0.08655585,0.14602758,0.26371893,0.3008925914864424,
109,33.4375,244.3125,15.130157,23.02639,33.680935,25.018211,0.30259728,0.11342548,0.20838915,0.26906952,0.31873773318788334,1.0
110,33.4375,244.4375,12.76172,20.779621,31.487211,22.748016,0.352095,0.119739726,0.27812323,0.2946901,0.30423550305199243,1.0
111,33.4375,244.5625,12.233267,20.50162,31.279327,22.327948,0.3584366,0.111562826,0.31651065,0.31492177,0.3063425942989866,1.0
112,33.4375,244.6875,11.368663,19.784592,30.575554,21.525072,0.38432536,0.11570109,0.373384,0.33022547,0.3115233672037481,1.0
113,33.4375,244.8125,11.60986,20.198666,31.005983,21.824732,0.37529242,0.11083706,0.3412181,0.34705555,0.28548918372593934,1.0
114,33.4375,244.9375,12.690723,21.455503,32.281773,22.958454,0.3539068,0.13299116,0.3372003,0.33870244,0.2254157314824323,1.0
115,33.4375,245.0625,13.361256,22.244173,33.0857,23.687912,0.3727438,0.14007254,0.3219967,0.34573764,0.1955599168516308,1.0
116,33.4375,245.1875,13.479786,22.45808,33.31016,23.818867,0.33785146,0.12251556,0.29154772,0.30995396,0.2170700828501626,1.0
117,33.5625,242.4375,12.360965,15.529078,21.150518,18.383568,2.1122308,0.77983344,0.05753334,0.5007217,6.963004495018755,1.0
118,33.5625,242.5625,10.342648,14.62353,22.034084,17.510988,2.1937082,0.7898014,0.068818115,0.50613713,21.114990283659882,1.0
119,33.5625,242.6875,10.303105,14.857427,22.886518,17.808022,1.8876189,0.7355868,0.08873193,0.50244915,15.440684446420558,1.0
120,33.5625,242.9375,12.6279545,17.43662,26.622656,20.766827,1.8324083,0.8166042,0.09634324,0.5739744,2.4972956132494346,1.0
121,33.5625,243.0625,11.839348,16.403316,25.896257,19.991295,1.9402064,0.9047535,0.17487639,0.6815398,8.108943079607199,1.0
122,33.5625,243.1875,9.693572,14.083914,23.764595,17.761698,2.048378,0.9816315,0.3658802,0.8038239,14.220421748368867,1.0
123,33.5625,243.3125,8.387331,13.12141,22.91323,16.610867,1.8996288,0.87812257,0.37954366,0.82046115,16.00782383701351,1.0
124,33.5625,243.4375,7.352123,12.588739,22.330664,15.741632,1.843222,0.7752305,0.30346137,0.710602,12.039145499718021,1.0
125,33.5625,243.5625,6.0452228,11.940646,21.704266,14.699648,1.8230274,0.76095754,0.29900613,0.6012752,5.849098212997879,1.0
126,33.5625,243.6875,9.905599,16.10276,25.922466,18.723707,0.9645699,0.36966196,0.27894214,0.45774594,0.8034696993628899,1.0
127,33.5625,244.0625,15.351192,23.107569,33.61457,25.159325,0.36198428,0.08634255,0.12566961,0.30131286,0.2848631582780338,1.0
128,33.5625,244.1875,13.098235,20.978252,31.649534,22.963882,0.4160598,0.12057873,0.26205465,0.3410079,0.28774077464953984,1.0
129,33.5625,244.3125,12.588643,20.461067,31.1706,22.463078,0.37541953,0.11555308,0.27859023,0.27853,0.3221238068464923,1.0
130,33.5625,244.4375,12.383986,20.395584,31.163235,22.351871,0.38831908,0.123670496,0.3221032,0.29746518,0.2787642765920416,1.0
131,33.5625,244.5625,11.1810465,19.40944,30.222687,21.302504,0.43594852,0.10466348,0.39218113,0.34742317,0.28637169430478504,1.0
132,33.5625,244.6875,10.893261,19.303938,30.160921,21.121004,0.3823052,0.12408568,0.38690546,0.34482202,0.3090500188133659,1.0
133,33.5625,244.8125,13.220807,21.806038,32.61669,23.454039,0.35103476,0.12275164,0.30411315,0.30712122,0.22640714967840017,1.0
134,33.5625,244.9375,13.929552,22.7213,33.559227,24.22101,0.33123705,0.11696404,0.29088575,0.29502535,0.2800561968292979,1.0
135,33.5625,245.0625,13.863132,22.936,33.85143,24.279745,0.3352321,0.13223478,0.30122328,0.31986535,0.28755630238147506,1.0
136,33.5625,245.1875,13.694944,22.823162,33.77376,24.136347,0.36117464,0.1266368,0.30875456,0.32362944,0.30382710495018367,1.0
137,33.6875,242.4375,9.718054,13.342314,19.660744,16.200146,2.3986397,0.9738738,0.06587012,0.5968248,17.077338304063993,1.0
138,33.6875,242.5625,9.77695,14.518577,22.755787,17.42508,1.9939204,0.78488237,0.0742868,0.51653224,20.963322898692073,1.0
139,33.6875,242.6875,11.481758,16.44191,25.045761,19.354088,1.6908637,0.6452556,0.08563053,0.44368836,3.3788951965541707,1.0
140,33.6875,242.9375,11.5343075,16.424942,25.307215,19.524439,1.8001691,0.7873212,0.10524165,0.5799898,2.8729508125419687,1.0
141,33.6875,243.0625,11.141016,15.89611,24.997694,19.127745,1.9227433,0.91972494,0.18289185,0.7342751,9.473247114365295,1.0
142,33.6875,243.1875,9.62839,14.295977,23.742634,17.605988,2.2673802,1.0585102,0.35287994,0.909707,16.535090718185916,1.0
143,33.6875,243.3125,6.4266653,11.0903425,20.69481,14.402895,2.7823298,1.1896362,0.46101725,1.0773482,19.438851213360753,1.0
144,33.6875,243.4375,7.915374,13.55551,23.27792,16.44207,1.64081,0.6177535,0.32253456,0.618596,6.334765699540782,1.0
145,33.6875,243.5625,11.585569,17.920115,27.690968,20.443184,0.978622,0.35472643,0.28569996,0.46046746,0.33472063935503443,1.0
146,33.6875,243.9375,14.165023,21.98914,32.430584,23.848682,0.46980017,0.12191801,0.18224256,0.3870272,0.2824653863321703,1.0
147,33.6875,244.0625,11.691374,19.702314,30.349602,21.580801,0.50241894,0.13774163,0.27420175,0.42578733,0.28554320538089195,1.0
148,33.6875,244.1875,11.277258,19.20042,29.912218,21.159058,0.4444469,0.14621006,0.32985792,0.33416933,0.3078148573176036,1.0
149,33.6875,244.3125,11.109676,18.882263,29.62287,20.918114,0.37942308,0.12838061,0.31205484,0.30031964,0.2934864261736675,1.0
150,33.6875,244.4375,12.237494,20.13157,30.886385,22.130167,0.39100808,0.120109335,0.2941409,0.3025421,0.2710067692703366,1.0
151,33.6875,244.5625,12.894793,21.22422,32.044327,23.107113,0.39252478,0.10707305,0.36661366,0.3109934,0.2821380705346141,1.0
152,33.6875,244.6875,13.811903,22.278446,33.13693,24.09985,0.34738192,0.089147545,0.27586442,0.28653476,0.2886227012490779,1.0
153,33.6875,244.8125,14.624913,23.23457,34.149963,24.966385,0.32724014,0.09595373,0.23528959,0.2674638,0.29318368810573653,1.0
154,33.6875,244.9375,14.170958,23.145164,34.06906,24.602823,0.33225685,0.10374981,0.25713676,0.28965628,0.2748504584055048,1.0
155,33.6875,245.0625,13.907101,22.977057,33.907864,24.33236,0.32393134,0.13134113,0.29327455,0.30278865,0.2661547619682683,1.0
156,33.6875,245.1875,13.148345,22.275612,33.2287,23.583763,0.33898118,0.14294857,0.31998342,0.30622706,0.2506289031869232,1.0
157,33.6875,245.3125,13.713123,22.865206,33.7509,24.100536,0.3351869,0.120636776,0.29078892,0.29910287,0.23990206173616155,1.0
158,33.8125,242.3125,11.775247,14.953577,20.683348,17.873636,2.300169,0.9561902,0.06469325,0.5974507,7.5024165851118925,1.0
159,33.8125,242.4375,10.793842,14.663383,21.502636,17.526056,2.136396,0.908251,0.073993236,0.5760303,13.5404014734165,1.0
160,33.8125,242.5625,11.847521,16.170454,23.739256,19.030304,1.8341926,0.68500084,0.07436257,0.4563864,2.5241966659832866,1.0
161,33.8125,242.6875,11.147478,15.714058,23.76904,18.609453,1.8986878,0.6764778,0.051192302,0.3993219,5.526735009822832,1.0
162,33.8125,242.9375,11.591727,16.348831,25.253206,19.523115,1.7594874,0.7729403,0.0939803,0.5746526,9.03364785438339,1.0
163,33.8125,243.0625,10.676618,15.587636,24.546856,18.661564,2.0095434,0.9473508,0.15534803,0.74096286,3.6078789501085953,1.0
164,33.8125,243.1875,8.267576,12.875807,22.295275,16.237011,3.0760338,1.390192,0.4244568,1.1459138,17.610347501017937,1.0
165,33.8125,243.3125,3.0290005,7.749143,17.40136,11.032858,3.8759632,1.7033068,0.60848767,1.4115964,28.877525784104296,2.0
166,33.8125,243.4375,11.466325,18.37828,28.266378,20.666508,1.0695904,0.3333692,0.18477751,0.47177926,2.2117091687159527,1.0
167,33.8125,243.5625,15.003217,22.202217,32.116333,24.357786,0.52023125,0.13157181,0.16943623,0.32819226,0.2944283724799974,
168,33.8125,243.6875,15.044944,22.084251,32.082,24.257504,0.48072138,0.13414392,0.1909305,0.35023794,0.2878191338781055,
169,33.8125,243.8125,13.502769,20.797785,31.037169,22.85345,0.57571363,0.15432218,0.24616048,0.43616736,0.27591559883310407,1.0
170,33.8125,243.9375,9.664864,17.675888,28.228771,19.454634,0.61750686,0.17160204,0.28184992,0.5875986,0.4090296239922479,1.0
171,33.8125,244.0625,8.82759,16.950855,27.619072,18.726015,0.5203763,0.1605663,0.3717431,0.4802197,0.3770820718267904,1.0
172,33.8125,244.1875,9.665083,17.720188,28.446436,19.592329,0.40118212,0.17012705,0.389251,0.3485671,0.3104509920531156,1.0
173,33.8125,244.3125,10.57711,18.618357,29.404736,20.548079,0.381054,0.15721865,0.3605427,0.29653904,0.2567106493751623,1.0
174,33.8125,244.4375,10.905203,19.198124,30.015903,21.08456,0.41499466,0.15217423,0.38635924,0.32296553,0.2462777199490884,1.0
175,33.8125,244.5625,14.254637,22.828268,33.67287,24.662254,0.290986,0.08625331,0.28181818,0.26144573,0.25920700381315664,1.0
176,33.8125,244.6875,14.529013,23.082554,33.958637,24.88436,0.31534037,0.08413578,0.24972644,0.25796437,0.3166762708931201,1.0
177,33.8125,244.8125,14.649187,23.324375,34.27207,25.036366,0.3175345,0.08982316,0.25422487,0.2505983,0.3187709297475228,1.0
178,33.8125,244.9375,12.192995,21.174557,32.141636,22.657835,0.33376944,0.11725128,0.35953087,0.31889227,0.263418438141648,1.0
179,33.8125,245.0625,13.37847,22.434374,33.3903,23.82031,0.3355035,0.14134611,0.31695026,0.3097877,0.24726656477322673,1.0
180,33.8125,245.1875,11.846113,20.941828,31.870602,22.25418,0.3492505,0.14146039,0.3113905,0.3213241,0.26183099353164874,1.0
181,33.8125,245.3125,11.724022,20.837849,31.718801,22.08722,0.37276348,0.13721985,0.33625436,0.3790911,0.2924111405060177,1.0
182,33.8125,245.4375,12.966098,22.173964,33.043636,23.359493,0.38648865,0.14374402,0.28610593,0.34974667,0.26931324583837546,1.0
183,33.9375,242.8125,11.764739,16.044615,24.078207,19.105406,1.8725321,0.7742543,0.075478196,0.54017586,6.8713861402481635,1.0
184,33.9375,242.9375,12.017113,16.272121,25.2913,19.836693,2.1295655,0.93365085,0.121449135,0.7026971,6.214101261242678,1.0
185,33.9375,243.0625,10.86002,15.125095,24.353958,18.777815,2.463098,0.9800311,0.19853708,0.84672326,5.505658072623436,1.0
186,33.9375,243.1875,10.523962,15.049934,24.37275,18.540236,2.1432636,0.7791062,0.21059152,0.69705456,9.00606054712067,1.0
187,33.9375,243.3125,11.401936,16.73321,26.362606,19.778023,1.560472,0.4778733,0.21407056,0.57554585,3.6874504509785417,1.0
188,33.9375,243.4375,13.749143,20.08475,29.874563,22.645742,0.8656946,0.19117902,0.15559335,0.3751497,0.26320679373057526,1.0
189,33.9375,243.5625,13.075765,20.026083,30.010769,22.283625,0.80183876,0.16568543,0.22354048,0.40764606,0.2555272095835161,1.0
190,33.9375,243.6875,10.513766,17.631145,27.752821,19.766302,0.76480407,0.17095909,0.2981098,0.47711128,0.3234515781000978,1.0
191,33.9375,243.8125,7.914401,15.599907,25.998404,17.413576,0.7403133,0.19503798,0.43173856,0.49870053,0.4735863907784048,1.0
192,33.9375,243.9375,7.696403,15.965602,26.612986,17.524853,0.6164164,0.17736837,0.3722607,0.45633817,0.5021675321753348,1.0
193,33.9375,244.0625,9.858206,18.192831,28.90167,19.76463,0.3996449,0.13855362,0.3541212,0.3834113,0.2622891972189567,1.0
194,33.9375,244.1875,11.380175,19.647924,30.387922,21.340338,0.35555258,0.13124627,0.34226257,0.35053715,0.264329999749827,1.0
195,33.9375,244.3125,12.587942,20.93562,31.774204,22.693613,0.33772597,0.12302363,0.33226168,0.31326827,0.29407362577952156,1.0
196,33.9375,244.4375,12.926544,21.358982,32.21792,23.148289,0.33727664,0.11400607,0.33756524,0.29893917,0.27958311615972475,1.0
197,33.9375,244.5625,13.5949135,22.139118,33.024246,23.91333,0.3384686,0.089053065,0.30943388,0.30408138,0.3317879909766436,1.0
198,33.9375,244.6875,13.015954,21.701694,32.66018,23.42157,0.3637892,0.10998753,0.29029536,0.30417398,0.3337800336329679,1.0
199,33.9375,244.8125,14.109094,22.964808,34.010143,24.590445,0.30784142,0.10301033,0.24522851,0.2718428,0.3288954688025003,1.0
200,33.9375,244.9375,12.352366,21.407854,32.472878,22.890085,0.3229957,0.12713656,0.301766,0.3042711,0.2643641927729462,1.0
201,33.9375,245.0625,12.70894,21.788462,32.820206,23.21039,0.33574617,0.12049937,0.27930444,0.30410242,0.30121884857469083,1.0
202,33.9375,245.1875,13.325879,22.427776,33.406475,23.783163,0.36072576,0.14365004,0.28083086,0.31617406,0.3202946034596623,1.0
203,33.9375,245.3125,12.863285,22.067554,33.063206,23.382036,0.4271137,0.1431307,0.3475629,0.37995765,0.2700876977332989,1.0
204,33.9375,245.4375,13.117326,22.291965,33.161205,23.54341,0.34608933,0.13913186,0.2873129,0.3122048,0.22986163587054154,1.0
205,34.0625,241.0625,11.982171,14.147422,18.761301,16.949726,2.6593943,0.96485347,0.037547253,0.68285817,12.321798224101359,1.0
206,34.0625,241.1875,12.463703,14.607,19.576775,17.624567,3.042221,1.0971892,0.052784525,0.80553716,16.369017669188313,1.0
207,34.0625,241.3125,12.873766,15.089212,20.193216,18.15131,3.0057402,1.0570631,0.082166925,0.7846392,12.17780056691405,1.0
208,34.0625,241.4375,13.045597,14.836689,19.416658,17.960716,2.7722754,0.95706725,0.08398552,0.6967932,18.3238326536815,1.0
209,34.0625,242.9375,11.067864,15.304044,24.220623,18.877104,2.643058,1.2491579,0.16413401,0.86452746,8.55006465513531,1.0
210,34.0625,243.0625,5.722589,10.070387,19.34719,13.649331,3.8551903,1.7299523,0.29323143,0.9886672,28.466228922943795,2.0
211,34.0625,243.1875,1.8692131,6.3710318,15.752157,9.812491,3.47383,1.4400674,0.40937948,0.90374106,25.94557025391914,1.0
212,34.0625,243.3125,6.4632034,11.681576,21.324987,14.770985,1.4394116,0.47663262,0.23145847,0.45800194,5.7589717717622975,1.0
213,34.0625,243.4375,9.916062,15.68332,25.455118,18.463179,1.2047844,0.2971846,0.19927397,0.40294653,0.7389176540710813,1.0
214,34.0625,243.5625,8.763778,15.6009865,25.703438,17.827196,1.0720289,0.28634194,0.21767662,0.4879158,0.49988237809766506,1.0
215,34.0625,243.6875,7.339122,14.7332735,25.041803,16.656832,0.87013227,0.25768092,0.23959206,0.5040264,0.5072389263137829,1.0
216,34.0625,243.8125,7.6405993,15.785195,26.396336,17.324234,0.6999604,0.23273252,0.3279183,0.49284375,0.4038324090442659,1.0
217,34.0625,243.9375,7.84601,16.432316,27.208704,17.725271,0.72982407,0.22282179,0.3632291,0.45363733,0.3804658713313469,1.0
218,34.0625,244.0625,9.66312,18.227804,29.0081,19.567242,0.46057096,0.16512273,0.35426286,0.38413757,0.25661059995189,1.0
219,34.0625,244.1875,11.632765,20.184862,31.028973,21.64861,0.35644078,0.12988682,0.3536704,0.357595,0.2751795174808376,1.0
220,34.0625,244.3125,12.01504,20.535982,31.410437,22.136213,0.32819027,0.12272901,0.37538174,0.33349568,0.28518536381616744,1.0
221,34.0625,244.4375,11.951719,20.525303,31.438837,22.185219,0.33941692,0.123866975,0.3958482,0.32864216,0.280315890574742,1.0
222,34.0625,244.5625,11.719926,20.423265,31.401321,22.071537,0.38260928,0.14420475,0.42174652,0.36352086,0.32008426648252986,1.0
223,34.0625,244.6875,12.980798,21.891203,32.972984,23.469849,0.3525858,0.12619227,0.26995558,0.31112257,0.34345973767506377,1.0
224,34.0625,244.8125,12.8654,21.983809,33.170216,23.485756,0.36619046,0.12036427,0.28681925,0.33783048,0.3294458633477918,1.0
225,34.0625,244.9375,13.608039,22.77385,33.961178,24.237732,0.3102147,0.11677571,0.25242364,0.28251162,0.3419398240235069,1.0
226,34.0625,245.0625,13.516175,22.655054,33.77868,24.094772,0.33502656,0.1281131,0.2416758,0.2873758,0.3419763865101213,
227,34.0625,245.1875,13.597547,22.822958,33.939114,24.217344,0.3447678,0.12752463,0.23594055,0.28217912,0.3164493479838988,1.0
228,34.0625,245.3125,13.228919,22.479662,33.570778,23.86522,0.4012398,0.15620366,0.32120126,0.36248675,0.31867149273974543,1.0
229,34.0625,245.4375,12.486523,21.832968,32.899376,23.158596,0.43450746,0.16516772,0.28767544,0.3670625,0.3064619588830905,1.0
230,34.0625,245.5625,13.7176,23.103155,34.234978,24.452679,0.36264327,0.13714595,0.26874444,0.30932653,0.17626688911089866,1.0
231,34.1875,241.0625,12.544423,15.094696,20.0521,17.840153,2.7038078,0.99287814,0.05945234,0.70823723,7.02317235535595,1.0
232,34.1875,241.1875,12.367153,15.127272,20.719936,18.00195,2.9274907,1.0404248,0.059198484,0.78338295,6.759908372195977,1.0
233,34.1875,241.3125,12.511349,15.660282,22.033844,18.667452,2.8302732,1.0249859,0.08604033,0.7709359,4.497677253225605,1.0
234,34.1875,241.9375,13.549479,16.913347,25.499828,20.989248,3.3657928,1.3641336,0.08633836,0.8495504,26.613314335677224,
235,34.1875,242.0625,12.621645,16.041332,23.877117,19.776934,3.9888947,1.5824225,0.084534995,1.0016947,23.80087695034295,1.0
236,34.1875,242.1875,11.933344,15.376886,22.82124,18.96302,3.8887694,1.584341,0.08738086,0.9209592,7.4402008956913885,1.0
237,34.1875,242.3125,9.80551,13.290404,21.239761,17.019037,3.9292545,1.6050885,0.082442395,0.9707565,11.007208605510183,1.0
238,34.1875,242.4375,8.508944,12.133591,19.94825,15.642489,3.9592988,1.5425191,0.07719828,1.0108857,10.340133649122416,1.0
239,34.1875,242.5625,11.332231,15.539924,23.98893,18.87365,2.6726494,0.9895889,0.054560296,0.7223985,5.687179544973111,1.0
240,34.1875,242.6875,11.00347,15.659804,24.556004,18.85485,2.7441916,1.1509213,0.09219301,0.7286516,7.986276068704365,
241,34.1875,242.8125,8.680644,13.710918,23.271048,16.963516,3.2873378,1.4995795,0.1434146,0.9548856,11.192850484898043,1.0
242,34.1875,242.9375,5.547018,10.464832,19.999886,13.726282,4.156211,1.8760096,0.21872863,1.2741016,21.275761015709197,1.0
243,34.1875,243.0625,2.2768912,7.3831472,17.084991,10.357783,4.413258,2.0800111,0.43093055,1.4581574,41.77661166482733,2.0
244,34.1875,243.1875,0.34703165,5.5123606,15.24973,8.431582,3.8022518,1.397637,0.47269106,1.1478889,29.106601707411027,1.0
245,34.1875,243.3125,1.3442053,6.695609,16.484503,9.603416,2.0365016,0.5413052,0.23893559,0.74339837,8.67761788103664,1.0
246,34.1875,243.4375,6.0078454,11.977022,21.88661,14.592082,1.3061702,0.32438588,0.12817587,0.51958,1.2407146203119719,1.0
247,34.1875,243.5625,8.237692,15.191887,25.38907,17.30433,0.89368165,0.25786224,0.15030672,0.46011811,0.550046460882282,1.0
248,34.1875,243.6875,9.788112,17.356136,27.76612,19.145761,0.5698255,0.1803936,0.19577833,0.38092983,0.2555448699991497,1.0
249,34.1875,243.8125,10.644231,18.843483,29.482004,20.31046,0.41532275,0.16272739,0.26150438,0.34062904,0.2795487091442553,1.0
250,34.1875,243.9375,11.386451,20.007765,30.80272,21.271389,0.31958705,0.13326892,0.3171027,0.34915587,0.30589150041180674,
251,34.1875,244.0625,12.003802,20.606947,31.401606,21.907053,0.30665112,0.1180702,0.31128109,0.30820328,0.3420337003177264,
252,34.1875,244.1875,12.638289,21.258596,32.117924,22.650452,0.33515835,0.100023285,0.30727723,0.3024942,0.3104315361561778,1.0
253,34.1875,244.3125,12.036342,20.650043,31.554106,22.158714,0.3314293,0.11668594,0.35232204,0.324372,0.31882578114205146,1.0
254,34.1875,244.4375,11.782827,20.461226,31.421488,22.029577,0.3291535,0.1336168,0.44104943,0.36829582,0.32150278951530215,1.0
255,34.1875,244.5625,12.534905,21.348248,32.386528,22.91768,0.3187047,0.118051134,0.31077284,0.32968438,0.34769215446985724,
256,34.1875,244.6875,14.20514,23.211779,34.347023,24.734425,0.32042867,0.102611236,0.24764897,0.27391002,0.36720330130937706,
257,34.1875,244.8125,13.048775,22.20881,33.42529,23.6883,0.35518017,0.103245996,0.3091423,0.3149737,0.3357461450253894,1.0
258,34.1875,244.9375,14.397477,23.56251,34.783752,25.038876,0.31168768,0.103170976,0.22761235,0.26972002,0.34403829036547473,
259,34.1875,245.0625,13.586179,22.786076,34.036385,24.239288,0.3373297,0.12471829,0.22802626,0.28023964,0.3107057669766652,1.0
260,34.1875,245.1875,11.658448,20.914873,32.089783,22.33723,0.4364143,0.14692728,0.26860404,0.35798308,0.2687473926201332,1.0
261,34.1875,245.3125,12.915516,22.21467,33.380516,23.647072,0.44528154,0.1614438,0.29645443,0.3663466,0.2767465383097585,1.0
262,34.1875,245.4375,12.969852,22.372839,33.566246,23.779083,0.46214047,0.17452928,0.26624966,0.38893858,0.2774078436138534,1.0
263,34.1875,245.5625,12.943113,22.339218,33.47474,23.720743,0.46215242,0.15541735,0.2622268,0.37104964,0.24808603000469198,1.0
264,34.1875,245.6875,13.199836,22.512049,33.537506,23.869486,0.43065342,0.14858031,0.26790804,0.3321699,0.25166970962149793,1.0
265,34.3125,240.6875,12.673417,15.279175,20.10755,17.995707,2.7381918,0.95668024,0.038420275,0.70876616,10.207090432894486,1.0
266,34.3125,240.8125,12.915713,15.333584,19.770353,17.944431,2.632629,0.9292704,0.039727107,0.7032462,6.834608081607772,1.0
267,34.3125,241.0625,12.663674,15.345301,20.453299,18.087877,2.3189564,0.9313294,0.047754556,0.5784818,2.568533917839762,1.0
268,34.3125,241.1875,12.057537,15.21281,21.3954,18.129469,2.659193,1.0457742,0.050034855,0.7188035,2.297469473043466,1.0
269,34.3125,241.3125,11.664367,15.137186,22.001404,18.222692,2.6374235,1.1800046,0.054147676,0.8538124,3.2729517764188363,1.0
270,34.3125,241.4375,11.721964,15.2213955,22.143572,18.28575,2.6697612,1.0960166,0.07413258,0.7558137,7.807600415245953,1.0
271,34.3125,241.6875,11.485196,14.905685,22.111444,18.25309,3.4656825,1.3848737,0.07634711,0.9060489,11.782837242564321,1.0
272,34.3125,241.8125,9.530075,12.971853,20.833376,16.649431,4.3535924,1.7237604,0.09750541,1.1179241,11.3721597176148,1.0
273,34.3125,241.9375,9.2189865,12.829788,21.855576,16.895939,4.753772,1.837462,0.11612463,1.2607425,12.00548603294984,1.0
274,34.3125,242.0625,7.2365646,11.597822,20.832676,15.211012,4.933451,1.8951749,0.10139852,1.2878329,23.995047108155152,1.0
275,34.3125,242.1875,5.734243,10.619023,20.150175,13.900519,4.3136163,1.6782775,0.10316136,1.1243019,18.046602954243973,1.0
276,34.3125,242.3125,3.6967874,8.389258,17.837511,11.762027,5.033642,2.0329015,0.13076447,1.3959641,30.423305740636277,1.0
277,34.3125,242.4375,4.7544656,9.597059,18.978209,12.818968,3.090815,1.2179196,0.13176386,1.1011488,16.72864593404714,1.0
278,34.3125,242.5625,7.9396667,13.101568,22.7711,16.283642,2.0227535,0.799217,0.10421998,0.8433461,6.760586562993972,1.0
279,34.3125,242.6875,7.6641564,12.974253,22.71858,16.138346,2.585711,1.07305,0.108088724,0.93709296,11.267211372895316,1.0
280,34.3125,242.8125,5.937114,11.381237,21.38456,14.535821,4.4616013,1.71012,0.17791994,1.4922534,8.443531400599781,1.0
281,34.3125,242.9375,3.2663703,8.785421,18.707575,11.68736,5.0519857,2.0909657,0.31768125,1.4899647,8.30647365855883,1.0
282,34.3125,243.0625,1.9765936,7.5590396,17.449856,10.2037,3.5943162,1.4979458,0.50990516,1.0812023,14.483568873141921,1.0
283,34.3125,243.1875,3.2911503,8.824657,18.707636,11.488807,2.7395687,1.0216342,0.45792055,0.89690554,4.920763577418453,1.0
284,34.3125,243.3125,5.475306,10.935275,20.783916,13.698345,1.9444963,0.5718741,0.24101438,0.68527025,0.7804322594713101,1.0
285,34.3125,243.4375,7.226097,13.35376,23.367798,15.811053,1.2485589,0.3232185,0.15049368,0.5286252,0.3761268778325748,1.0
286,34.3125,243.5625,9.084872,16.20159,26.467339,18.1597,0.83273566,0.28000826,0.18100083,0.43435878,0.2731258847581045,1.0
287,34.3125,243.6875,10.186801,17.773865,28.214842,19.515991,0.5406169,0.21106642,0.24865095,0.35450703,0.2911473913177592,1.0
288,34.3125,243.8125,11.083562,19.078403,29.650105,20.626415,0.37598327,0.13824742,0.28882548,0.31757918,0.34882467792597105,
289,34.3125,243.9375,10.595222,18.905046,29.604872,20.34164,0.40878034,0.14447445,0.3418691,0.35792518,0.2890673919210272,1.0
290,34.3125,244.0625,10.763352,19.291555,30.062405,20.674734,0.37339565,0.13462162,0.3118199,0.35420904,0.2862572733267986,1.0
291,34.3125,244.1875,10.31498,18.95183,29.840872,20.359224,0.44234467,0.14813158,0.3560326,0.40270066,0.2653366553815488,1.0
292,34.3125,244.3125,12.84914,21.512606,32.442505,22.98728,0.3143189,0.10849508,0.28685054,0.2953419,0.3603745441587523,
293,34.3125,244.4375,13.561003,22.291279,33.277306,23.811007,0.32243577,0.11089186,0.27919474,0.2849843,0.36433358738830124,
294,34.3125,244.5625,14.482516,23.31743,34.37004,24.850224,0.32148507,0.10104864,0.22102204,0.25836498,0.36630409202071657,
295,34.3125,244.6875,14.354683,23.218521,34.364136,24.805899,0.30972272,0.096968554,0.21426682,0.27555597,0.3658462288993777,
296,34.3125,244.8125,13.537283,22.582447,33.835598,24.12978,0.3271078,0.09795028,0.21900044,0.28995806,0.3293273553829623,1.0
297,34.3125,244.9375,14.012948,23.235672,34.523693,24.717424,0.2992564,0.1173863,0.19297907,0.259128,0.35792069097867907,1.0
298,34.3125,245.0625,12.309082,21.57903,32.904354,23.050968,0.47147876,0.17474374,0.30805546,0.39520293,0.2633008779601764,1.0
299,34.3125,245.1875,9.789248,19.173655,30.56482,20.593845,0.5771613,0.19342521,0.32389346,0.41632438,0.27367524841657687,1.0
300,34.3125,245.3125,11.967849,21.454344,32.798016,22.855457,0.5084261,0.20314644,0.27834824,0.40316305,0.27606540075474134,1.0
301,34.3125,245.4375,12.003114,21.533304,32.866947,22.938602,0.5603034,0.20967427,0.31235078,0.44167843,0.27880058253780965,1.0
302,34.3125,245.5625,10.9627285,20.503382,31.813412,21.911009,0.70977783,0.21350913,0.36228403,0.5748083,0.2906859150815469,1.0
303,34.3125,245.6875,11.276523,20.804644,32.108204,22.293175,0.6505145,0.21854058,0.3552051,0.5080794,0.28405094549494053,1.0
304,34.3125,245.8125,13.573082,23.121538,34.48013,24.767643,0.5115134,0.18863127,0.29968357,0.38754845,0.28494878794330747,1.0
305,34.4375,240.4375,10.251284,12.863458,17.175873,15.409767,3.884797,1.3369792,0.18146437,0.9125126,23.075514713516913,
306,34.4375,240.5625,9.984474,12.831476,17.848717,15.53708,4.0900126,1.4453411,0.045204826,0.9812431,24.92139303460593,2.0
307,34.4375,240.6875,11.27417,14.624917,20.577286,17.466093,3.2409508,1.1675508,0.044708528,0.8115826,18.62146106344786,1.0
308,34.4375,240.8125,10.430933,13.923525,20.111055,16.794477,3.443468,1.1990757,0.04441745,0.89270467,17.38312062902113,1.0
309,34.4375,240.9375,9.147296,12.159666,17.801125,15.018758,3.0232606,1.0701065,0.07294756,0.80953944,15.377970486181551,1.0
310,34.4375,241.0625,10.708392,13.715374,19.522026,16.64854,2.7785993,1.0568146,0.04977048,0.778498,10.178607217812703,1.0
311,34.4375,241.1875,11.409987,15.032648,22.489496,18.35592,2.6522286,1.0860201,0.052713122,0.7353387,5.362133704014725,1.0
312,34.4375,241.3125,12.023417,16.19379,24.634266,19.681301,2.6379695,1.0754853,0.053466875,0.75470376,3.1611925213211474,1.0
313,34.4375,241.5625,11.289623,15.499809,23.610723,18.836405,2.9241798,1.1688944,0.07337768,0.8108371,5.622544851735085,1.0
314,34.4375,241.6875,9.60038,14.16866,22.507101,17.328434,3.130909,1.1356806,0.066806205,0.82770556,16.566878389767727,1.0
315,34.4375,241.8125,8.615403,14.151478,23.815111,17.133698,3.1275806,1.063518,0.06434128,0.8463256,9.079774233726809,1.0
316,34.4375,241.9375,6.588694,12.662727,22.826424,15.470361,2.9155512,1.0193535,0.07117336,0.83523566,5.422191312913856,1.0
317,34.4375,242.0625,5.721684,12.041078,22.304169,14.661124,2.266926,0.76877743,0.1123173,0.6985476,8.250445975249592,1.0
318,34.4375,242.1875,5.833542,12.110062,22.292048,14.666087,2.0755281,0.73284245,0.15241593,0.6406853,11.487783572740243,1.0
319,34.4375,242.3125,5.704365,11.893745,22.223291,14.571417,2.181415,0.8095886,0.15116464,0.6832562,12.03622604312812,1.0
320,34.4375,242.4375,7.031955,13.238562,23.509201,15.873579,1.5548732,0.6269798,0.14231154,0.6340543,4.5627203559926315,1.0
321,34.4375,242.5625,7.6037035,13.953249,24.219936,16.570332,1.3521256,0.5321137,0.15067887,0.631168,1.1878460090311946,1.0
322,34.4375,242.8125,8.187183,14.532723,24.684978,17.087124,1.9165052,0.7024798,0.13941711,0.7657773,0.36502477393031263,1.0
323,34.4375,242.9375,7.350856,13.800411,23.972034,16.103437,2.097356,0.6935689,0.19209565,0.68861794,0.9150813115355444,1.0
324,34.4375,243.0625,8.247462,14.908699,25.205956,16.975117,0.702232,0.19963495,0.18021518,0.32510906,0.4494286907544987,1.0
325,34.4375,243.1875,8.386035,14.892054,25.20681,17.117397,0.6950715,0.21266958,0.16687262,0.33049327,0.3011221955351451,1.0
326,34.4375,243.3125,8.808875,15.404707,25.737833,17.624376,0.6821822,0.21430957,0.17656893,0.35779893,0.32250083710507993,1.0
327,34.4375,243.4375,9.334015,16.310394,26.745588,18.35949,0.86920416,0.24613187,0.17252004,0.3694626,0.3158763070950716,1.0
328,34.4375,243.5625,9.62492,17.259092,27.81354,18.979538,0.6293067,0.18865529,0.20220853,0.341378,0.2794259832475012,1.0
329,34.4375,243.6875,9.722557,17.669224,28.28989,19.245455,0.5740975,0.1873723,0.25010324,0.3651515,0.3065197251576972,
330,34.4375,243.8125,9.70126,17.85016,28.525873,19.335043,0.48768908,0.16967322,0.2781502,0.37790322,0.27763972937739345,1.0
331,34.4375,243.9375,10.564596,18.563463,29.272356,20.205893,0.43764433,0.15278326,0.2987049,0.37346125,0.24216859078528838,1.0
332,34.4375,244.0625,12.3559675,20.803698,31.740807,22.35611,0.32666135,0.12934557,0.29635236,0.34114915,0.3016951332214034,1.0
333,34.4375,244.1875,13.745037,22.163498,33.15132,23.787197,0.2487299,0.09085507,0.27210528,0.29464746,0.31191880513384135,1.0
334,34.4375,244.3125,14.781541,23.1847,34.211506,24.873316,0.24083762,0.08247214,0.20149185,0.2257002,0.3294895036146263,
335,34.4375,244.4375,14.757544,23.188835,34.254856,24.913168,0.2867265,0.09517939,0.19784227,0.26125884,0.36298434906138133,
336,34.4375,244.5625,14.568626,23.121677,34.248413,24.821335,0.27970085,0.09638143,0.17936678,0.25447348,0.34899060914989344,
337,34.4375,244.6875,13.754391,22.536095,33.80244,24.20668,0.34683713,0.120427825,0.22542866,0.32342103,0.35560159260558005,1.0
338,34.4375,244.8125,10.848757,19.761183,31.066404,21.367092,0.50526094,0.17880064,0.3224538,0.43915915,0.3244630387163123,1.0
339,34.4375,244.9375,12.479554,21.512299,32.870766,23.075338,0.38886893,0.1525395,0.25749648,0.34698394,0.3370877264012255,1.0
340,34.4375,245.0625,12.765519,21.958216,33.396732,23.479351,0.43324924,0.17719305,0.30586654,0.40115866,0.31491542956342616,1.0
341,34.4375,245.1875,11.305283,20.648603,32.151127,22.108728,0.48576215,0.19653237,0.33714515,0.42563558,0.2998546765283612,1.0
342,34.4375,245.3125,12.487447,22.072287,33.570553,23.432539,0.46445248,0.20213485,0.3057867,0.3938315,0.3013048808097068,1.0
343,34.4375,245.4375,12.703611,22.327173,33.81008,23.698887,0.50827944,0.19942567,0.30203784,0.39589053,0.3010741118353316,1.0
344,34.4375,245.5625,13.152176,22.76431,34.26668,24.195505,0.541594,0.1909388,0.30206403,0.41259235,0.2717500311618145,1.0
345,34.5625,239.4375,11.262572,13.241074,16.570116,15.8355055,3.2722862,1.2202276,0.08557969,0.78058845,12.26456109690373,1.0
346,34.5625,239.5625,11.216978,13.36101,16.755114,15.902827,3.0265868,1.2701124,0.026388675,0.77889353,14.461221158549828,1.0
347,34.5625,239.6875,11.097816,13.431099,17.26258,16.084545,3.0620358,1.30443,0.028009135,0.75649184,16.169057880843365,1.0
348,34.5625,239.8125,11.269054,13.987588,18.725784,16.883062,3.3621554,1.3882886,0.027538352,0.73455244,14.354625608738468,1.0
349,34.5625,239.9375,11.069925,14.204512,19.884054,17.37718,3.9462404,1.5629473,0.02847755,0.79423213,20.95263464931358,1.0
350,34.5625,240.0625,10.499597,13.704132,19.536057,16.913263,4.293575,1.7747436,0.028000416,0.65756196,20.095850128522724,2.0
351,34.5625,240.1875,9.481967,12.456489,17.514328,15.21548,4.6722946,1.6978021,0.02981477,0.79034346,18.102218765165507,1.0
352,34.5625,240.3125,8.350538,11.225079,16.060463,13.848331,4.809977,1.5513626,0.1432083,0.9777869,19.04241270938211,1.0
353,34.5625,240.4375,7.8238096,10.718201,15.589498,13.384882,4.3073177,1.4767203,0.1941385,1.022143,12.497228822440697,1.0
354,34.5625,240.5625,4.9286914,7.923579,13.04344,10.589011,4.1167655,1.4013178,0.16754285,1.0939405,27.086976531252585,1.0
355,34.5625,240.6875,6.019051,9.211278,14.8756895,12.008816,4.0811462,1.2195494,0.044162415,1.048914,23.517252021968954,1.0
356,34.5625,240.8125,5.743111,9.131878,15.35214,12.084154,3.6692429,1.0831554,0.05225665,1.0201446,18.078418767088635,1.0
357,34.5625,240.9375,5.3411713,8.676378,15.134958,11.765692,3.3854492,1.0933661,0.09736007,0.96706307,11.264043523603174,1.0
358,34.5625,241.0625,7.288898,10.988145,18.607374,14.419696,2.6850545,1.063725,0.07412929,0.7799959,6.169010876774153,1.0
359,34.5625,241.1875,8.584392,13.042311,22.384726,16.870235,2.6217487,1.0897628,0.06724751,0.7311237,6.463835186507254,1.0
360,34.5625,241.3125,10.175852,14.879277,24.52754,18.693005,2.5676913,1.0957116,0.06484485,0.6917015,10.050759248822995,1.0
361,34.5625,241.4375,10.114345,14.933912,24.38099,18.586712,2.576317,1.0960429,0.06916002,0.71177256,14.59789132553681,1.0
362,34.5625,241.5625,8.766496,14.2095,23.980602,17.555937,2.6646655,1.0196875,0.0708625,0.747541,4.748160475320702,1.0
363,34.5625,241.6875,7.230504,13.676747,24.00377,16.44371,2.373283,0.8809012,0.061128095,0.68656695,11.153417663272103,1.0
364,34.5625,241.8125,7.18488,14.388826,24.974676,16.646217,1.7618192,0.57381344,0.069679156,0.5284356,2.2865317265539993,1.0
365,34.5625,241.9375,8.499188,15.712507,26.227514,17.937359,1.1488825,0.36607903,0.070621446,0.3837618,0.49490037487703387,1.0
366,34.5625,242.0625,8.802065,15.744619,26.265484,18.077034,0.9108257,0.27647638,0.0867594,0.35287252,0.28173361282540604,1.0
367,34.5625,242.1875,8.857907,15.574598,26.061619,18.006008,0.8206965,0.26877096,0.08796798,0.35830456,0.2540253814418231,1.0
368,34.5625,242.3125,8.433216,15.220677,25.72899,17.52825,0.7678461,0.31181288,0.12524113,0.37387985,0.302979917081305,1.0
369,34.5625,242.4375,8.348525,15.079824,25.512331,17.404491,0.8157088,0.35783568,0.12737644,0.43462765,0.46111467711674364,1.0
370,34.5625,242.5625,8.453297,15.320662,25.669205,17.615475,0.80142206,0.31159422,0.12301312,0.44278002,0.44610799083353747,1.0
371,34.5625,242.6875,8.335864,15.436188,25.720284,17.612938,0.7995845,0.3339309,0.12121311,0.41603068,0.29635260693339793,1.0
372,34.5625,242.8125,8.175531,15.190449,25.51813,17.4021,1.2678498,0.5128028,0.14502952,0.51157683,0.3419247922736962,1.0
373,34.5625,242.9375,6.9519663,14.030743,24.417141,16.077894,1.461018,0.47240013,0.16546205,0.59542024,0.43426302915132753,1.0
374,34.5625,243.0625,8.140867,15.6393385,26.180387,17.413288,0.65414727,0.20235196,0.1699842,0.30505747,0.335972975760807,1.0
375,34.5625,243.1875,7.831535,15.412533,26.0015,17.14805,0.70639235,0.20081185,0.18041612,0.347278,0.28038762293287567,1.0
376,34.5625,243.3125,7.479104,15.0983925,25.70501,16.83131,0.76340425,0.22112374,0.18893632,0.35996506,0.31674932616085066,1.0
377,34.5625,243.4375,8.3123045,15.852654,26.476654,17.647907,0.78079915,0.23543282,0.20661727,0.38418236,0.2955920849795317,1.0
378,34.5625,243.5625,8.873169,16.807304,27.49551,18.393452,0.7232311,0.21044296,0.2337361,0.36338,0.2750134479736273,1.0
379,34.5625,243.6875,8.616667,16.690481,27.41737,18.207745,0.68667555,0.21751806,0.29456326,0.43771347,0.28216272822314725,1.0
380,34.5625,243.8125,9.889963,17.95759,28.814663,19.579403,0.46647602,0.17225331,0.30209452,0.398512,0.24982833015828426,1.0
381,34.5625,243.9375,12.494261,20.863733,31.82639,22.39723,0.29463613,0.097965054,0.27476463,0.2996952,0.3022570146099382,1.0
382,34.5625,244.0625,13.88946,22.39254,33.462517,23.972492,0.21147992,0.08677382,0.26991457,0.2380984,0.3106987040400306,1.0
383,34.5625,244.1875,14.551389,22.941517,34.029644,24.657818,0.19452171,0.07748614,0.26716986,0.23266977,0.29747454701884674,1.0
384,34.5625,244.3125,14.373853,22.678022,33.791737,24.48478,0.20702347,0.083367266,0.23232146,0.21035698,0.32564813568109147,1.0
385,34.5625,244.4375,14.683717,22.891003,34.02253,24.762705,0.25558624,0.11058106,0.18397501,0.22456756,0.33167064368309745,1.0
386,34.5625,244.5625,14.017443,22.466825,33.71871,24.229235,0.3167554,0.11059965,0.20567973,0.27947968,0.32153944835310977,1.0
387,34.5625,244.6875,12.765396,21.374767,32.680347,23.07674,0.45477316,0.17277838,0.29870197,0.3864826,0.30910803212448823,1.0
388,34.5625,244.8125,9.186452,17.965208,29.347025,19.641815,0.75467867,0.3263091,0.5646826,0.5548768,0.4250672452221556,1.0
389,34.5625,244.9375,10.848073,19.866516,31.333097,21.461416,0.45128182,0.18764994,0.3355796,0.44784382,0.287380185562919,1.0
390,34.5625,245.0625,12.370928,21.579155,33.121735,23.082455,0.4277964,0.17067407,0.3006782,0.3967294,0.2882038580845017,1.0
391,34.5625,245.1875,11.681784,21.093134,32.71914,22.504726,0.4009627,0.16420084,0.31959245,0.3650008,0.2944082737815453,1.0
392,34.5625,245.3125,11.982504,21.576809,33.260715,22.904198,0.50786346,0.21490589,0.3217041,0.41772446,0.2910564764739731,1.0
393,34.5625,245.4375,11.158927,20.74928,32.41679,22.09657,0.56829405,0.27319917,0.34645683,0.4634648,0.2795292095103147,1.0
394,34.5625,245.5625,13.330138,22.883966,34.53006,24.296534,0.46429428,0.1523307,0.3072473,0.37842345,0.2690934361533855,1.0
395,34.6875,239.4375,12.137669,14.171437,17.443903,16.701916,2.2874835,0.93201303,0.08049004,0.61512035,15.13490723783531,1.0
396,34.6875,239.5625,11.893349,14.038853,17.275867,16.50154,2.2997746,0.9534693,0.028765427,0.6528109,11.47746545006296,1.0
397,34.6875,239.6875,11.090851,13.386901,17.10032,16.009207,2.6602616,1.1398047,0.02906252,0.6933821,9.330319929647237,1.0
398,34.6875,239.8125,11.216687,13.850315,18.39844,16.711903,2.9313755,1.2259,0.02949268,0.72626424,9.118584481392167,1.0
399,34.6875,239.9375,11.018287,14.030697,19.365923,17.089903,3.4497423,1.3793354,0.029126583,0.7182787,8.567786932651023,1.0
400,34.6875,240.0625,8.819157,12.118645,18.069141,15.180867,4.282129,1.6881161,0.03013367,0.7695346,15.206021589850828,1.0
401,34.6875,240.1875,5.7157254,9.064059,14.996893,11.9071,5.0365024,1.6755586,0.030287966,0.9942264,13.402870858473564,1.0
402,34.6875,240.3125,4.4523935,7.913607,14.071212,10.630232,4.649969,1.6018577,0.15886027,1.0589873,10.90184563735444,1.0
403,34.6875,240.4375,4.389895,7.940488,14.283764,10.603364,3.284295,1.118696,0.12728383,0.75299263,9.863573774347849,1.0
404,34.6875,240.5625,4.3208733,8.686172,15.8481455,11.244743,2.9716914,0.9332881,0.066314094,0.69368136,7.808434266183195,1.0
405,34.6875,240.6875,4.218328,8.579958,15.76006,11.189837,3.1470451,0.9014598,0.06352977,0.75623566,17.620947159726047,1.0
406,34.6875,240.8125,3.3158824,7.633676,15.174441,10.613532,3.153239,0.93882114,0.04990703,0.7657537,14.162388231945938,1.0
407,34.6875,240.9375,3.7151036,8.162328,16.304125,11.397293,2.7535477,0.8868947,0.06622384,0.78525466,7.8344232375019525,1.0
408,34.6875,241.0625,3.946792,8.749514,18.23417,12.442055,2.0473723,0.7853958,0.063214764,0.6642743,12.754539174970704,1.0
409,34.6875,241.1875,7.878214,12.873566,23.57175,17.060717,2.1445646,0.8622323,0.06229022,0.66199625,7.168889769291388,1.0
410,34.6875,241.3125,8.053734,13.150585,24.0653,17.375076,2.3431945,0.9726007,0.061108537,0.63569236,19.903983975764657,1.0
411,34.6875,241.4375,6.831156,12.358904,23.079079,16.188538,2.5189555,1.086579,0.059561584,0.7205898,18.962094549467373,1.0
412,34.6875,241.5625,7.917267,13.6902895,24.614777,17.54514,2.4831042,0.8257892,0.055269066,0.59505475,6.06561224483501,1.0
413,34.6875,241.9375,8.691471,16.15249,26.842546,18.1705,1.017309,0.3347248,0.06357314,0.3340279,0.3003450869637217,1.0
414,34.6875,242.0625,8.789171,16.093046,26.70309,18.16831,1.0324388,0.32970202,0.071768634,0.34741983,0.2869001090096427,1.0
415,34.6875,242.1875,8.499805,15.622467,26.180601,17.756752,0.9848661,0.29229304,0.114369944,0.3272859,0.25860384513249496,1.0
416,34.6875,242.3125,8.435474,15.394525,25.903011,17.617828,0.9180462,0.31116477,0.12416417,0.35459566,0.20063054087047016,1.0
417,34.6875,242.4375,8.072242,14.956112,25.419825,17.217438,0.8736715,0.34326053,0.11789947,0.39244974,0.26994626689536916,1.0
418,34.6875,242.5625,8.757046,15.882208,26.308306,18.009903,0.70506275,0.26031214,0.101365186,0.3912458,0.25973764613445893,1.0
419,34.6875,242.6875,8.42112,15.730745,26.14429,17.747688,0.84472346,0.31966463,0.15767714,0.4306205,0.29555491856088456,1.0
420,34.6875,242.8125,7.794994,15.506783,26.045311,17.313107,0.9511774,0.38090384,0.15640007,0.5007363,0.46745422521617874,1.0
421,34.6875,242.9375,7.245001,15.176751,25.8331,16.870993,1.0572402,0.37021208,0.16382277,0.5182882,0.41942959857135625,1.0
422,34.6875,243.0625,7.081809,15.2028885,25.950182,16.785946,0.88373125,0.26933256,0.23439418,0.4389335,0.3522913608963677,1.0
423,34.6875,243.1875,6.061383,14.336026,25.18017,15.8699,1.0234847,0.26652688,0.2912758,0.42285827,0.34999015118379795,1.0
424,34.6875,243.3125,6.5162897,14.737029,25.575623,16.286053,1.1410197,0.30856445,0.27683002,0.4287986,0.32816546355389853,1.0
425,34.6875,243.4375,7.0372314,15.145433,25.939611,16.722736,0.85564435,0.24466808,0.25159124,0.40600058,0.2994507860813227,1.0
426,34.6875,243.5625,8.745555,16.983967,27.809416,18.495173,0.56057525,0.17272292,0.22716351,0.3518486,0.2966503232561546,1.0
427,34.6875,243.6875,10.453299,19.109665,30.040415,20.424122,0.4052423,0.17245911,0.25808907,0.34041595,0.23699620120956402,1.0
428,34.6875,243.8125,10.814473,19.370995,30.430576,20.88647,0.3882939,0.15955138,0.23930863,0.38890088,0.2716863319146753,1.0
429,34.6875,243.9375,11.768215,20.290825,31.371975,21.859789,0.29949594,0.12400804,0.22978897,0.31872416,0.29494923110049254,1.0
430,34.6875,244.0625,11.725792,20.16402,31.33037,21.849737,0.3082523,0.11650605,0.2658159,0.31961113,0.2716530105759344,1.0
431,34.6875,244.1875,11.394502,19.73695,30.940765,21.543188,0.3970604,0.18273406,0.32162866,0.33474052,0.2568347339245365,1.0
432,34.6875,244.3125,11.3267765,19.520582,30.756895,21.433735,0.44969758,0.20332003,0.35048452,0.32229656,0.28182745627013006,1.0
433,34.6875,244.4375,11.774752,19.874012,31.120527,21.845318,0.42285818,0.2034248,0.34265667,0.31781906,0.2646989214641161,1.0
434,34.6875,244.5625,12.231125,20.344406,31.6171,22.310703,0.37731963,0.17349891,0.3059806,0.3087538,0.31517928487579433,1.0
435,34.6875,244.6875,13.035364,21.338434,32.728065,23.259657,0.3735485,0.15212253,0.26680264,0.31567234,0.31181470251724114,1.0
436,34.6875,244.8125,11.419102,20.013163,31.455359,21.789246,0.59339935,0.2670265,0.46531942,0.5102345,0.31042437096789377,1.0
437,34.6875,244.9375,10.187306,19.098354,30.621185,20.729197,0.55234224,0.23575974,0.41632646,0.504035,0.26250096394277544,1.0
438,34.6875,245.0625,11.825511,21.044683,32.658077,22.537584,0.473599,0.20682645,0.37944186,0.4715161,0.264616980364091,1.0
439,34.6875,245.1875,11.16855,20.633545,32.349976,21.996038,0.5309087,0.22915536,0.4188393,0.48591492,0.3304483064149272,1.0
440,34.6875,245.3125,11.457388,21.099504,32.9147,22.361355,0.58982795,0.25395763,0.35740623,0.47045964,0.2762657003874697,1.0
441,34.6875,245.4375,12.210825,21.837402,33.653156,23.111177,0.5406962,0.23921442,0.3325193,0.45347384,0.25145557945021224,1.0
442,34.8125,239.4375,11.896698,13.983402,17.522623,16.595058,2.2877903,0.9404079,0.033689912,0.6788796,9.986048435653057,1.0
443,34.8125,239.5625,11.272586,13.39993,17.059757,16.038586,2.4775174,1.068367,0.033841588,0.7548027,11.30859627607396,1.0
444,34.8125,239.6875,11.183886,13.464636,17.314524,16.149399,2.6308985,1.12763,0.031515237,0.69279844,7.052137584965826,1.0
445,34.8125,239.8125,10.9014845,13.394578,17.671724,16.170877,2.9632964,1.2699276,0.03282379,0.69503635,8.966068601439703,1.0
446,34.8125,239.9375,9.229351,12.198684,17.482758,15.084424,3.5583625,1.544357,0.03847474,0.72563577,11.013809938072004,1.0
447,34.8125,240.0625,8.262983,11.832089,18.269394,14.679138,3.6373003,1.4718606,0.031666733,0.7966718,12.849253467748277,1.0
448,34.8125,240.1875,6.365382,10.443763,17.820328,13.1608515,3.444076,1.3866949,0.03212059,0.91318196,11.264652055515619,1.0
449,34.8125,240.3125,4.803315,9.573836,18.00963,12.181033,2.3525357,0.9702104,0.08751354,0.69139117,6.466934467894077,1.0
450,34.8125,240.4375,5.3451147,10.324343,18.876295,12.865445,2.1706383,0.8153286,0.07640681,0.5545353,5.95586905289334,1.0
451,34.8125,240.5625,5.6322556,10.838898,19.208986,13.286777,1.9778287,0.74845064,0.07691953,0.48995638,3.7781647178224342,1.0
452,34.8125,240.6875,4.1895385,9.751968,18.73903,12.429161,2.3778737,0.79566115,0.10044507,0.49240318,4.191174777492481,1.0
453,34.8125,240.8125,0.98918736,6.708874,15.918744,9.548378,3.0800457,1.093693,0.07849816,0.55773497,26.716468839999205,2.0
454,34.8125,240.9375,1.7747034,7.5629454,17.086887,10.624029,2.4527097,0.8153403,0.0636212,0.65938073,19.274542175744635,2.0
455,34.8125,241.0625,3.3114195,8.8550825,19.106567,12.467278,2.1950276,0.8269468,0.06641878,0.6400847,17.61731623661736,1.0
456,34.8125,241.1875,6.9101014,12.253654,23.122543,16.269527,1.9409449,0.7833258,0.060864277,0.61760277,9.281061202248832,1.0
457,34.8125,241.3125,8.182218,13.452392,24.420227,17.561445,1.7549926,0.68426657,0.061420105,0.44926855,5.091891397566989,1.0
458,34.8125,241.4375,8.436734,14.146195,24.97297,17.875063,1.5337218,0.5922819,0.060377546,0.35232466,1.05032716361135,1.0
459,34.8125,241.5625,8.957972,14.97838,25.899319,18.439243,1.371286,0.47925174,0.059546106,0.33083743,0.5691133416793859,1.0
460,34.8125,241.6875,8.799699,15.782079,26.719337,18.382051,1.0622816,0.37508827,0.056213085,0.29397705,0.36589927132814454,1.0
461,34.8125,241.8125,8.667625,16.08601,27.002089,18.221764,1.1826885,0.3894541,0.064554654,0.29981345,0.344711997889501,1.0
462,34.8125,241.9375,8.830785,16.315708,27.164509,18.371374,1.006157,0.32594985,0.060744036,0.27287614,0.38846041035186524,1.0
463,34.8125,242.0625,8.947946,16.435474,27.23986,18.457317,0.94202226,0.30050758,0.0669649,0.26355216,0.34007507636131196,1.0
464,34.8125,242.1875,8.548139,15.919771,26.619812,17.95303,0.92006147,0.29851753,0.095869616,0.30305266,0.2796267322269682,1.0
465,34.8125,242.3125,8.319065,15.458203,25.9783,17.566908,0.86897224,0.2703531,0.117739744,0.313839,0.20496167335769133,1.0
466,34.8125,242.4375,8.471958,15.567568,26.053986,17.737316,0.88640344,0.30681407,0.11525411,0.35019487,0.23411711834709772,1.0
467,34.8125,242.5625,8.939795,16.338724,26.84334,18.325262,0.7240036,0.26335344,0.1415913,0.37722614,0.23062665989033962,1.0
468,34.8125,242.6875,9.113809,16.998636,27.588299,18.711805,0.53533286,0.21201846,0.1437784,0.3207337,0.24061369339290525,1.0
469,34.8125,242.8125,9.289889,17.408215,28.078426,18.997383,0.5971369,0.24192992,0.22321784,0.3704293,0.23641984109110298,1.0
470,34.8125,242.9375,8.910969,17.224062,27.942421,18.702358,0.66261667,0.24892691,0.26564682,0.38630024,0.24787735677141695,1.0
471,34.8125,243.0625,8.76425,17.206373,28.044847,18.663471,0.7335404,0.25133973,0.29994282,0.3895379,0.22194728188159976,1.0
472,34.8125,243.1875,8.943363,17.681587,28.772072,19.104248,0.7055781,0.26666692,0.31726763,0.36107212,0.23049730943155664,1.0
473,34.8125,243.3125,9.605144,18.253767,29.287502,19.688723,0.52982336,0.2201741,0.2855471,0.3319106,0.2301763591703114,1.0
474,34.8125,243.4375,10.665359,19.184046,30.13406,20.632435,0.44743067,0.18180159,0.26392594,0.3185022,0.2670747492089018,1.0
475,34.8125,243.5625,10.264508,18.911793,29.91109,20.303894,0.40644735,0.16576743,0.2615151,0.3380219,0.25914197500965075,1.0
476,34.8125,243.6875,9.449863,18.277248,29.394892,19.682034,0.38917542,0.16690812,0.2923642,0.37400827,0.21285628581341237,1.0
477,34.8125,243.8125,11.828584,20.576199,31.744823,22.09554,0.29202783,0.1394094,0.20539343,0.31116456,0.2826199830772074,1.0
478,34.8125,243.9375,11.090172,19.732916,30.949255,21.340012,0.4181728,0.19290473,0.24414712,0.43711275,0.24100323938477497,1.0
479,34.8125,244.0625,10.814493,19.232967,30.441055,20.97715,0.47028676,0.21025726,0.286965,0.4300084,0.2545945181360029,1.0
480,34.8125,244.1875,10.954981,19.06112,30.335522,21.036655,0.6149887,0.31061167,0.45535317,0.48218134,0.30775604881828694,1.0
481,34.8125,244.3125,8.416335,16.283371,27.571125,18.418394,0.8475336,0.41585755,0.66598046,0.6318005,0.7621482509011778,1.0
482,34.8125,244.4375,9.656523,17.426289,28.72869,19.637234,0.61246955,0.28924307,0.48635164,0.46480602,0.42616161051337026,1.0
483,34.8125,244.5625,11.679211,19.497286,30.835497,21.693336,0.5087113,0.24629766,0.42706764,0.38486487,0.33598867620275774,1.0
484,34.8125,244.6875,12.333499,20.369234,31.76321,22.453775,0.42658922,0.20955801,0.33657324,0.35998598,0.25906712126601295,1.0
485,34.8125,244.8125,12.197752,20.613516,32.05256,22.48624,0.5124961,0.2547055,0.42206526,0.48896542,0.26435708153167975,1.0
486,34.8125,244.9375,10.680174,19.439629,30.985937,21.151243,0.62965405,0.2887189,0.499335,0.5622895,0.3305154540118803,1.0
487,34.8125,245.0625,11.487828,20.60471,32.25449,22.133114,0.5236293,0.2506415,0.420906,0.52690303,0.2533857741683961,1.0
488,34.8125,245.1875,11.262483,20.689987,32.436367,22.062347,0.5832856,0.26843673,0.45345438,0.52598095,0.3096215262285987,1.0
489,34.8125,245.3125,12.34517,21.974035,33.79778,23.233385,0.497544,0.21761616,0.3746448,0.42034057,0.23527312286241947,1.0
490,34.9375,239.6875,11.494553,13.812371,17.610994,16.480192,2.701899,1.1414174,0.06441536,0.78882897,11.782678707336945,1.0
491,34.9375,239.8125,9.696616,12.159703,16.278744,14.87502,3.6216865,1.586286,0.06686722,0.85326797,18.368977259872196,1.0
492,34.9375,239.9375,8.633247,11.721036,17.242228,14.494814,4.272723,1.7605383,0.037309792,0.86031556,7.444965053723764,1.0
493,34.9375,240.0625,6.335477,10.207468,17.20348,12.947208,3.8609009,1.5338302,0.035189036,0.9288074,13.217377258304852,1.0
494,34.9375,240.1875,6.5810394,11.458366,20.07483,14.041403,2.398164,1.0434266,0.041624688,0.68074846,11.257926155598835,1.0
495,34.9375,240.3125,7.9975367,13.173332,22.60118,15.698164,1.1212633,0.59831864,0.061355263,0.42451993,1.0731265955725438,1.0
496,34.9375,240.4375,7.4027,12.833563,22.243061,15.307159,1.2675366,0.6394417,0.09583751,0.44762054,1.7848531904893945,1.0
497,34.9375,240.5625,5.9202704,12.334059,21.721558,14.527678,1.642933,0.7353905,0.04845472,0.51398236,2.1019586463810414,1.0
498,34.9375,240.6875,5.8947487,13.016748,22.69047,15.0568495,1.7022101,0.734154,0.050359648,0.5105556,3.8339283890897264,1.0
499,34.9375,240.8125,5.809925,12.542771,22.470911,15.031889,1.8155059,0.81240696,0.06091372,0.57712734,7.12277667191334,1.0
500,34.9375,240.9375,5.929269,12.6876955,22.836754,15.377697,1.8061292,0.8743703,0.0600164,0.6358794,7.0480212411135446,1.0
501,34.9375,241.0625,8.60418,15.200651,25.551498,18.059969,1.5843321,0.86305296,0.060252592,0.61200154,4.481169893575179,1.0
502,34.9375,241.1875,8.600258,15.248041,25.59337,18.07534,1.5781476,0.88339466,0.064278305,0.62556064,12.250629010679237,1.0
503,34.9375,241.3125,4.799535,11.333865,21.718815,14.211482,1.6372286,0.8442084,0.063853964,0.584208,28.87048312025263,1.0
504,34.9375,241.4375,4.7465115,10.797023,21.315626,13.924355,1.8992511,0.78059465,0.069992974,0.5486641,23.930940440138365,1.0
505,34.9375,241.5625,6.4469767,12.803437,23.492428,15.572615,1.671985,0.5569076,0.053393506,0.38750964,2.3332172759266476,1.0
506,34.9375,241.6875,8.044063,14.870945,25.785624,17.393759,1.010821,0.3148182,0.046713404,0.22987527,0.4979612595590616,1.0
507,34.9375,241.8125,8.618547,15.903686,26.992014,18.226637,0.9067063,0.2805259,0.044043023,0.19546561,0.3469593862911935,1.0
508,34.9375,241.9375,8.768967,16.25996,27.341373,18.397583,0.9374857,0.27770472,0.051409405,0.23461767,0.3268063211050188,1.0
509,34.9375,242.0625,8.861551,16.523266,27.527496,18.47926,0.79892063,0.23154324,0.06188854,0.21930124,0.27860095590485534,1.0
510,34.9375,242.1875,8.940237,16.613276,27.54389,18.525475,0.7692545,0.23407675,0.07656114,0.22965875,0.3390844656604511,
511,34.9375,242.3125,8.946056,16.628881,27.66132,18.624653,0.69082946,0.22262439,0.09891625,0.26904488,0.2352331988772936,1.0
512,34.9375,242.4375,8.9629755,16.693155,27.483545,18.604963,0.6058204,0.19264087,0.12600903,0.3172874,0.2197683072504008,1.0
513,34.9375,242.5625,9.381545,17.205305,27.939209,19.054688,0.54574317,0.19472581,0.14815682,0.32484683,0.2570073388829471,1.0
514,34.9375,242.6875,9.791397,17.867126,28.577642,19.51989,0.5248401,0.21108522,0.14741525,0.29470894,0.1934507296127482,1.0
515,34.9375,242.8125,9.78625,18.057747,28.772108,19.564991,0.53148586,0.21235341,0.23912849,0.32334673,0.1909577091140126,1.0
516,34.9375,242.9375,9.473205,17.858904,28.575977,19.282827,0.5416238,0.21955976,0.29863364,0.33755162,0.2180105666806801,1.0
517,34.9375,243.0625,9.642959,18.108759,28.914581,19.528929,0.48366705,0.18520088,0.2885893,0.34010595,0.21997759800503316,1.0
518,34.9375,243.1875,9.968879,18.656948,29.68408,20.07253,0.43684793,0.17823942,0.30680093,0.33085915,0.24321062633461568,1.0
519,34.9375,243.3125,10.914299,19.65517,30.702312,21.05,0.351747,0.165701,0.2719859,0.31940824,0.24750574766962455,1.0
520,34.9375,243.4375,10.747417,19.542093,30.576311,20.902067,0.32762086,0.15646596,0.2482631,0.33481404,0.27369566263045797,1.0
521,34.9375,243.5625,9.585462,18.43699,29.521933,19.816248,0.4150907,0.18194634,0.29206106,0.3760159,0.23614876527139977,1.0
522,34.9375,243.6875,9.810527,18.709663,29.903404,20.147745,0.3890628,0.17611931,0.27793306,0.38408607,0.2328531321583272,1.0
523,34.9375,243.8125,11.519228,20.417835,31.681572,21.922873,0.30746865,0.1605354,0.21234736,0.34476814,0.2817753292003589,1.0
524,34.9375,243.9375,10.712828,19.443508,30.77914,21.096134,0.41204125,0.19803497,0.27453715,0.43116105,0.264311412805812,1.0
525,34.9375,244.0625,11.440726,19.918915,31.260277,21.722462,0.4309195,0.18616544,0.258716,0.38620675,0.2767275395548582,1.0
526,34.9375,244.1875,12.827594,20.916151,32.24238,22.949657,0.39297482,0.17495462,0.22090103,0.3140782,0.3486896135312642,1.0
527,34.9375,244.3125,12.246359,19.963425,31.250181,22.194384,0.5120941,0.21919398,0.24300517,0.30526,0.3230530097442742,1.0
528,34.9375,244.4375,9.319892,16.861765,28.118618,19.184347,0.7976368,0.3899117,0.5865733,0.56355345,0.8742472030216741,1.0
529,34.9375,244.5625,10.572394,18.213335,29.515287,20.49407,0.56743586,0.2800334,0.4761704,0.42013758,0.3794345167134934,1.0
530,34.9375,244.6875,10.948599,18.842436,30.235756,21.00642,0.5248754,0.24908595,0.44325244,0.39052087,0.33662718489028237,1.0
531,34.9375,244.8125,10.857336,19.104967,30.59566,21.098272,0.559939,0.26916006,0.47689867,0.47636658,0.30107142418880595,1.0
532,34.9375,244.9375,10.68454,19.288101,30.873392,21.103857,0.55209947,0.25678122,0.4872234,0.5159383,0.26116198714381794,1.0
533,34.9375,245.0625,11.305546,20.239168,31.903294,21.884108,0.511858,0.23787346,0.4290645,0.49196285,0.2487796953160941,1.0
534,34.9375,245.1875,11.610982,20.968233,32.67446,22.347725,0.49006575,0.21018933,0.36858872,0.42933396,0.24214206067329222,1.0
535,34.9375,245.3125,13.190021,22.636368,34.374935,23.97001,0.37121183,0.17068423,0.32960194,0.33864745,0.2311672296313593,1.0
536,35.0625,239.4375,12.3930235,14.350862,17.465397,16.869013,2.3273947,0.95079863,0.06882229,0.7664627,5.913750794599932,1.0
537,35.0625,239.5625,11.360361,13.515982,17.055466,16.14321,2.552803,1.043843,0.06232334,0.8364835,14.218416513739792,1.0
538,35.0625,239.6875,10.938888,13.199407,16.925531,15.88812,3.1417894,1.2806034,0.062470995,0.9596516,13.266149787414836,1.0
539,35.0625,239.8125,9.794516,12.201631,16.219732,14.875627,3.2142045,1.4209543,0.06354474,0.9001434,16.581661083788635,1.0
540,35.0625,239.9375,8.271377,11.319289,16.678564,13.968936,3.087096,1.3363254,0.038498756,0.86321723,12.219286528996518,1.0
541,35.0625,240.0625,8.454037,12.918179,20.352562,15.46138,2.0414603,0.9318359,0.04724299,0.58245844,4.7462877951134175,1.0
542,35.0625,240.1875,6.7991643,12.526336,21.557264,14.83129,1.700229,0.7252071,0.045861814,0.5467355,1.8593402025979833,1.0
543,35.0625,240.3125,7.125092,13.010494,22.415962,15.317064,1.2098763,0.61382914,0.06338501,0.45067197,1.1816336677764356,1.0
544,35.0625,240.4375,6.8497186,13.505883,23.191261,15.629808,1.2783198,0.6458899,0.07645257,0.4498428,1.1600734080695028,1.0
545,35.0625,240.5625,8.482518,16.203718,26.016428,18.090908,0.9717625,0.5120891,0.03038581,0.40872425,0.6966861438590467,1.0
546,35.0625,240.6875,10.164957,18.006193,27.843105,19.870872,0.9215085,0.4827097,0.03308363,0.37792465,0.8530027616738401,1.0
547,35.0625,241.1875,11.03158,18.273163,28.366901,20.596088,1.2287657,0.7655393,0.06778821,0.49327043,1.6730807665408227,1.0
548,35.0625,241.3125,7.621185,14.711339,24.827042,17.086416,1.4829582,0.8820042,0.09434872,0.6118317,10.727829555946004,1.0
549,35.0625,241.4375,4.1496234,10.253413,20.56555,12.944346,1.5844952,0.76383543,0.16529587,0.5619931,29.87168078503766,1.0
550,35.0625,241.5625,3.5058484,9.177593,19.532406,11.916784,2.0157208,0.8731205,0.1316385,0.6866741,20.255071444158485,1.0
551,35.0625,241.6875,6.0381927,12.613311,23.36067,15.062597,1.650993,0.53898984,0.08117646,0.4583796,2.9965523932620113,1.0
552,35.0625,241.8125,8.178436,15.541026,26.713638,17.783878,0.9157842,0.2958955,0.07311183,0.26496103,0.4050598711306452,1.0
553,35.0625,241.9375,8.909848,16.36761,27.510103,18.519157,0.87510854,0.23575883,0.07238739,0.2603941,0.2904591182029649,1.0
554,35.0625,242.0625,9.318293,16.923494,28.053272,18.975937,0.7855223,0.23141864,0.07115336,0.23284447,0.30213517986703203,1.0
555,35.0625,242.1875,9.540902,17.34051,28.52437,19.315119,0.7000718,0.22297375,0.08604382,0.24021536,0.2746413647736201,1.0
556,35.0625,242.3125,9.490348,17.289295,28.460302,19.28493,0.6200893,0.20588437,0.084893644,0.23837532,0.25879277358902625,1.0
557,35.0625,242.4375,9.447958,17.33011,28.416002,19.273676,0.51156354,0.17032959,0.11276923,0.2459403,0.20228502057600534,1.0
558,35.0625,242.5625,9.87756,17.785084,28.703074,19.65168,0.47180483,0.17398618,0.1370345,0.25652552,0.21204874359827378,1.0
559,35.0625,242.6875,10.388052,18.485016,29.387484,20.251974,0.45122424,0.21500556,0.1688285,0.28667426,0.24569995155929195,1.0
560,35.0625,242.8125,9.881946,18.127583,28.977222,19.750301,0.53311676,0.22413301,0.26993966,0.3267973,0.2270018813214037,1.0
561,35.0625,242.9375,8.253306,16.608948,27.443434,18.135292,0.7558725,0.33511618,0.35371348,0.39137074,0.2970419494887244,1.0
562,35.0625,243.0625,7.923099,16.376778,27.232641,17.83952,0.6886667,0.28317901,0.35227492,0.35617778,0.32055674670979534,1.0
563,35.0625,243.1875,9.993958,18.67074,29.637783,20.064413,0.4660375,0.19714999,0.26992145,0.32473263,0.2532205210298757,1.0
564,35.0625,243.3125,10.539819,19.319374,30.328959,20.682407,0.39155945,0.16267028,0.26194063,0.32421684,0.2777061176196266,1.0
565,35.0625,243.4375,9.643911,18.574272,29.661766,19.897366,0.36256155,0.15817742,0.2616731,0.33162874,0.2672516654315687,1.0
566,35.0625,243.5625,10.6052475,19.621452,30.812038,20.987738,0.33115354,0.16161895,0.23313235,0.3461877,0.2766166570250003,1.0
567,35.0625,243.6875,11.285325,20.451345,31.732578,21.813221,0.30585617,0.14569803,0.20008714,0.32218438,0.28171661771583884,1.0
568,35.0625,243.8125,12.133471,21.350609,32.746788,22.763805,0.3006966,0.15335815,0.17824334,0.25389373,0.300108712193034,
569,35.0625,243.9375,12.54495,21.678135,33.10292,23.16699,0.34992316,0.17000306,0.21175557,0.28519103,0.34591114393650046,
570,35.0625,244.0625,12.391128,21.213694,32.643795,22.884674,0.39974713,0.16576776,0.2273562,0.31186,0.3455477640408959,
571,35.0625,244.1875,10.703439,19.072956,30.494602,20.996824,0.5239259,0.25105554,0.3081205,0.36629134,0.31371962034667156,1.0
572,35.0625,244.3125,10.772083,18.763948,30.157509,20.891876,0.48501664,0.22623846,0.26811615,0.344447,0.2981143333006901,1.0
573,35.0625,244.4375,10.724496,18.493076,29.84548,20.728792,0.69894606,0.33334994,0.4661027,0.4720062,0.4677570943240307,1.0
574,35.0625,244.5625,7.438612,15.257349,26.647411,17.476936,0.8508827,0.4189545,0.70986944,0.6191734,1.1493225762912824,1.0
575,35.0625,244.6875,8.163932,16.1249,27.577435,18.278805,0.74294436,0.35670304,0.6652092,0.5411817,0.6112002715017736,1.0
576,35.0625,244.8125,8.635854,16.861654,28.383959,18.886469,0.66518843,0.32174593,0.6359139,0.5348728,0.5775739703829873,1.0
577,35.0625,244.9375,8.997507,17.539139,29.11608,19.38847,0.6343412,0.30764228,0.58408606,0.5120218,0.3992859310712702,1.0
578,35.0625,245.0625,10.117628,19.115992,30.700169,20.674038,0.49878427,0.24049252,0.4841803,0.41166908,0.30001933359236105,1.0
579,35.0625,245.1875,10.6364155,19.862612,31.494125,21.29877,0.5196334,0.23872198,0.43923682,0.40749186,0.25874863232238365,1.0
580,35.1875,239.3125,12.017388,13.878504,16.978127,16.474184,2.8213947,1.1337725,0.06728694,0.85410494,16.679231144157985,
581,35.1875,239.4375,11.856653,13.746458,16.83935,16.32409,2.8213239,1.1494337,0.066761464,0.8818911,10.701965658711961,1.0
582,35.1875,239.5625,10.834398,12.8657255,16.297354,15.540988,3.1347785,1.2666614,0.06124938,0.921532,19.31348538763019,1.0
583,35.1875,239.6875,9.964256,12.080575,15.654502,14.784612,3.5802279,1.4229351,0.059787843,1.0065327,20.18190504788032,1.0
584,35.1875,239.8125,8.992747,11.374425,15.441284,14.093169,2.895596,1.2197574,0.08594056,0.82374555,18.379581629852176,1.0
585,35.1875,239.9375,8.010038,11.606139,17.50373,14.149526,2.0279703,0.9208916,0.09645164,0.64657533,12.279348947328305,1.0
586,35.1875,240.0625,7.1096306,12.980557,21.39368,15.136252,1.6079533,0.7851338,0.047743477,0.5254692,2.977125500043921,1.0
587,35.1875,240.1875,7.4410887,14.037475,23.161665,16.027407,1.1911714,0.61739314,0.05749882,0.39211693,1.3837448942167354,1.0
588,35.1875,240.3125,6.5842466,13.741623,23.338915,15.603465,1.0866157,0.5724935,0.057079975,0.39982545,1.1862431839079521,1.0
589,35.1875,240.4375,7.812872,15.369939,25.00816,17.124123,0.97947705,0.49724,0.036376316,0.37317577,0.721700483348825,1.0
590,35.1875,240.5625,9.711134,17.568012,27.27347,19.306942,0.84129506,0.43376762,0.033405233,0.33700415,1.1976837182286695,1.0
591,35.1875,241.3125,6.5594015,13.367279,23.498632,15.77802,1.6387776,0.84941816,0.14937977,0.6090335,18.129936888944886,1.0
592,35.1875,241.4375,5.928535,11.93154,22.205376,14.567505,1.5006075,0.76242954,0.124924414,0.5570755,13.947843975509604,1.0
593,35.1875,241.5625,5.430753,10.9309845,21.219946,13.658522,1.503644,0.74015176,0.15397307,0.5624421,18.084308111444678,1.0
594,35.1875,241.6875,4.7332563,10.970676,21.538456,13.4618025,2.0457702,0.829665,0.13575615,0.6942047,15.542393385337874,1.0
595,35.1875,241.8125,5.466593,12.532035,23.48936,14.761451,1.4494637,0.43388438,0.12515226,0.43523496,8.153907089965447,1.0
596,35.1875,241.9375,8.872263,16.419693,27.540169,18.465063,0.783334,0.21316265,0.08126235,0.281244,0.3553855075274798,1.0
597,35.1875,242.0625,9.704597,17.486055,28.65961,19.448114,0.72952485,0.18974525,0.09616177,0.27024114,0.25011385801906905,1.0
598,35.1875,242.1875,9.295235,17.15158,28.38155,19.160995,0.7076894,0.22199637,0.100662924,0.29430747,0.24344608994539574,1.0
599,35.1875,242.3125,9.519305,17.436274,28.71859,19.48951,0.6767281,0.23955116,0.10775488,0.2767833,0.25135613879565555,1.0
600,35.1875,242.4375,9.492008,17.4579,28.719732,19.492424,0.6291238,0.20940864,0.106873155,0.26571292,0.22464782903167424,1.0
601,35.1875,242.5625,9.107777,17.292465,28.494274,19.173576,0.64064014,0.23005624,0.1475769,0.27920008,0.2385847973458212,1.0
602,35.1875,242.6875,8.903309,17.246405,28.40836,18.995892,0.6503082,0.258788,0.25179845,0.32331073,0.21298993599605848,1.0
603,35.1875,242.8125,8.2637415,16.761148,27.854675,18.393675,0.708873,0.26334566,0.27589405,0.32348508,0.2768386706364598,1.0
604,35.1875,242.9375,8.18974,16.75269,27.793589,18.302094,0.71738344,0.27997574,0.28957084,0.3327195,0.3333757139736395,1.0
605,35.1875,243.0625,7.7460065,16.383562,27.427973,17.876312,0.72126365,0.29958904,0.30800277,0.37319258,0.33998513173268374,1.0
606,35.1875,243.1875,8.1101055,16.903704,27.99492,18.32356,0.637159,0.24592493,0.32921243,0.34115285,0.24833817130945274,1.0
607,35.1875,243.3125,8.935939,17.898344,29.024334,19.240612,0.49990785,0.2155999,0.29292816,0.32975054,0.27652599212068696,1.0
608,35.1875,243.4375,9.636106,18.740385,29.936817,20.052864,0.40723687,0.17764747,0.2642901,0.31833202,0.2875530875693377,1.0
609,35.1875,243.5625,11.009601,20.24968,31.522379,21.562424,0.31165862,0.15075505,0.22525032,0.31544238,0.288435731610452,
610,35.1875,243.6875,10.48189,19.95283,31.326288,21.215332,0.3751215,0.15990056,0.21158874,0.32173532,0.21620303384364528,1.0
611,35.1875,243.8125,10.18788,19.838076,31.335663,21.077408,0.40485916,0.19376877,0.21921481,0.3209651,0.19434274199486337,1.0
612,35.1875,243.9375,11.91197,21.56926,33.100544,22.838547,0.37860993,0.16986802,0.22928521,0.26410657,0.3164228777222316,1.0
613,35.1875,244.0625,11.391259,20.717474,32.275482,22.179619,0.4746088,0.21233454,0.26863596,0.3421996,0.30138256583246364,1.0
614,35.1875,244.1875,9.143952,17.970922,29.536694,19.693527,0.67902184,0.31878412,0.33623442,0.40094808,0.2989936927675082,1.0
615,35.1875,244.3125,7.7415752,16.109837,27.681633,18.081266,0.7294793,0.357467,0.41952974,0.47766012,0.3913324790389108,1.0
616,35.1875,244.4375,8.353699,16.529587,28.113577,18.615673,0.7245748,0.34479678,0.43428564,0.4797623,0.44584912338913746,1.0
617,35.1875,244.5625,6.6715956,14.789529,26.37077,16.905668,0.8782621,0.43170938,0.80934495,0.62611485,1.3462026612986906,1.0
618,35.1875,244.6875,5.8775997,14.042169,25.619614,16.136318,0.74064755,0.3478024,0.7211975,0.5461052,0.9756344923547732,1.0
619,35.1875,244.8125,7.568903,15.859608,27.439959,17.871834,0.65468043,0.3201776,0.6908183,0.52961165,0.47050216308164045,1.0
620,35.1875,244.9375,8.200908,16.72908,28.278835,18.575918,0.6142453,0.30407807,0.60812795,0.47774073,0.4271431639651196,1.0
621,35.1875,245.0625,10.331546,19.21775,30.764711,20.8472,0.48112163,0.2399953,0.49335665,0.41596943,0.3032611951193418,1.0
622,35.3125,239.1875,11.62662,13.290813,16.458181,16.054909,3.3778741,1.3488392,0.038351595,0.91475993,10.010893367395887,1.0
623,35.3125,239.3125,11.758868,13.874569,18.036026,16.93737,3.3727546,1.3231986,0.046896335,0.9140998,9.624284574516725,1.0
624,35.3125,239.4375,9.91255,12.124088,16.160103,15.010567,4.040264,1.5863715,0.05412206,1.1276122,20.18851231263389,1.0
625,35.3125,239.5625,9.533801,11.6744,15.426974,14.4357,4.079451,1.5945134,0.054429267,1.1044155,20.50983936076177,1.0
626,35.3125,239.6875,8.7624235,11.01981,14.91094,13.756106,4.7604537,1.7954689,0.061111316,1.1990942,19.92403377104339,1.0
627,35.3125,239.8125,8.010279,11.060318,15.79407,13.656845,3.3382897,1.2050663,0.059052195,0.8492522,15.133358659173313,1.0
628,35.3125,239.9375,7.9516687,12.921327,19.713202,15.175982,2.3049998,0.9319931,0.0570322,0.56338686,2.969121133791231,1.0
629,35.3125,240.0625,7.2455244,13.8934355,22.655968,15.799488,1.5573429,0.7384791,0.058409095,0.39544228,0.9259912696671612,1.0
630,35.3125,240.1875,5.5473127,13.147443,22.736599,14.829294,1.5151234,0.7467522,0.03261191,0.48692173,3.2074011783535505,1.0
631,35.3125,240.3125,7.055168,14.958851,24.516495,16.491898,0.97366774,0.5012401,0.031722166,0.34226403,0.9226824131889384,1.0
632,35.3125,240.4375,8.411791,16.682327,26.138027,18.009804,0.8493354,0.42658973,0.037447184,0.30344683,0.7715647134193386,1.0
633,35.3125,240.5625,8.842115,17.26577,26.690542,18.531912,0.8152708,0.43750578,0.034401305,0.31822884,0.9574921376353581,1.0
634,35.3125,240.6875,9.928678,18.261751,27.769777,19.64495,0.78981656,0.4150122,0.03555449,0.30657706,5.015423248364741,1.0
635,35.3125,241.3125,9.949651,17.021053,27.147728,19.390623,1.5759308,0.7605393,0.07390363,0.5431047,5.144819783039135,1.0
636,35.3125,241.4375,7.776713,14.427966,24.683096,16.898563,1.6827451,0.77707785,0.094038405,0.55841374,13.923002242134991,1.0
637,35.3125,241.5625,6.7354574,13.078106,23.468521,15.595291,1.6071852,0.7034204,0.12330359,0.5697475,13.211683656295472,1.0
638,35.3125,241.6875,5.529287,12.175841,22.765436,14.544408,1.5452666,0.47456515,0.14630418,0.45979393,17.283754901849957,1.0
639,35.3125,241.8125,6.1879816,13.447645,24.41985,15.575992,1.2159669,0.27523553,0.123601265,0.31128728,3.2823634169666844,1.0
640,35.3125,241.9375,7.9657774,15.767746,26.88743,17.666939,0.8197256,0.19399348,0.08743636,0.31780654,0.34415272587788365,1.0
641,35.3125,242.0625,10.035239,18.114248,29.324413,19.913721,0.6171621,0.16787781,0.07656655,0.28943455,0.24919112000906543,1.0
642,35.3125,242.1875,9.912634,17.863249,29.162193,19.884607,0.75902164,0.23869124,0.10049926,0.30970746,0.27554900693246126,1.0
643,35.3125,242.3125,8.830329,16.645351,28.029743,18.86652,0.81265545,0.29644218,0.12674125,0.3261783,0.2905777268321268,1.0
644,35.3125,242.4375,9.273358,17.177921,28.545025,19.344103,0.70788974,0.2356942,0.13290688,0.3109959,0.21707360898410635,1.0
645,35.3125,242.5625,9.445891,17.633347,28.948778,19.611265,0.66982436,0.24768631,0.15261145,0.3003198,0.21721083349469342,1.0
646,35.3125,242.6875,7.613697,16.02563,27.253063,17.827843,0.8446048,0.29285097,0.20626675,0.33555987,0.32970605776224327,1.0
647,35.3125,242.8125,7.2659035,15.858813,27.082623,17.546652,0.79586095,0.27324352,0.24783595,0.31668848,0.3121726195144286,1.0
648,35.3125,242.9375,8.213509,16.889698,28.06478,18.483591,0.6863023,0.23979832,0.26621717,0.32099152,0.21680153915658334,1.0
649,35.3125,243.0625,7.846848,16.583714,27.740068,18.11417,0.75264657,0.28224885,0.30379516,0.3605153,0.20286408970577471,1.0
650,35.3125,243.1875,6.9741535,16.129232,27.338758,17.46418,0.79229075,0.300894,0.33886603,0.38102362,0.2977349261061784,1.0
651,35.3125,243.3125,8.185026,17.471514,28.72618,18.756355,0.5590659,0.23368801,0.31094864,0.3056609,0.25258554169136044,1.0
652,35.3125,243.4375,8.581065,18.048798,29.38107,19.27833,0.509629,0.2266218,0.28098953,0.32567355,0.25999632516564275,1.0
653,35.3125,243.5625,9.785686,19.22641,30.645056,20.512346,0.40335107,0.1668099,0.23955506,0.3223685,0.28364970140485757,1.0
654,35.3125,243.6875,9.739288,19.434513,30.948364,20.645042,0.4093183,0.18058178,0.25639957,0.34505042,0.2242251376252732,1.0
655,35.3125,243.8125,10.295657,20.18548,31.751444,21.329943,0.40330294,0.17300725,0.24121116,0.2962558,0.2252810853607901,1.0
656,35.3125,243.9375,11.363859,21.322851,32.931656,22.449703,0.38777864,0.1335282,0.20616235,0.26713368,0.26202055802256086,1.0
657,35.3125,244.0625,10.150095,19.721153,31.362103,21.062233,0.49191684,0.2016126,0.26368123,0.34438264,0.25012453260690765,1.0
658,35.3125,244.1875,7.8838305,16.88139,28.56145,18.530563,0.72710335,0.35042077,0.33966666,0.39570066,0.3685452188033653,1.0
659,35.3125,244.3125,6.751833,15.265627,27.00466,17.193726,0.74707586,0.37654683,0.46834204,0.49961773,0.4199816403501991,1.0
660,35.3125,244.4375,5.6662683,13.924563,25.693539,16.00542,0.8112296,0.3765825,0.5690706,0.56695044,0.5142241158230082,1.0
661,35.3125,244.5625,7.9875135,16.192944,27.913858,18.298769,0.6832563,0.3347586,0.59759957,0.49315253,0.5235781555146413,1.0
662,35.3125,244.6875,3.4966335,11.747934,23.427391,13.826668,0.6667284,0.34253865,0.7163684,0.52949184,1.3105047938964434,1.0
663,35.3125,244.8125,6.661954,14.98776,26.57999,16.993698,0.65966403,0.33954984,0.71840215,0.52874,0.4340037789069869,1.0
664,35.3125,244.9375,7.3761077,15.902918,27.456356,17.782497,0.60122013,0.30254483,0.6292902,0.47657946,0.4279988602366846,1.0
665,35.4375,239.1875,10.857215,13.09001,16.942196,15.734109,3.61295,1.4504069,0.040476117,0.9975445,15.07912696589786,1.0
666,35.4375,239.3125,9.557447,12.503297,17.33786,15.145427,4.484305,1.6903018,0.047527865,1.2195594,18.545692476515505,1.0
667,35.4375,239.4375,9.626912,12.952118,18.272623,15.560344,4.1920366,1.5503271,0.055108454,1.1649451,10.263632927501583,1.0
668,35.4375,239.5625,8.669238,12.322478,17.894695,14.796745,4.2955594,1.4838997,0.053911354,1.1365252,12.613223637893576,1.0
669,35.4375,239.6875,8.306458,12.214178,18.02361,14.632532,3.2063339,1.1170403,0.057451177,0.8559074,11.204266620725196,1.0
670,35.4375,239.8125,8.524278,13.159746,19.819824,15.529184,2.038549,0.74601215,0.05483734,0.5887805,3.6306598471790354,1.0
671,35.4375,239.9375,7.121964,13.016181,20.74147,15.109539,1.822583,0.7131872,0.049579296,0.4643432,1.2102337933588454,1.0
672,35.4375,240.0625,5.942251,13.279613,22.30172,14.946793,1.7143283,0.78349435,0.033349503,0.3347442,2.3246879796242355,1.0
673,35.4375,240.1875,7.8615704,15.860979,25.51113,17.412611,0.9866804,0.4603759,0.037230242,0.23391773,1.4040592524320432,1.0
674,35.4375,241.0625,10.792756,18.575493,28.449451,20.521166,0.944604,0.4971164,0.04338887,0.35408768,1.4572913616517948,1.0
675,35.4375,241.1875,11.031712,18.587692,28.791285,20.971497,1.5053248,0.73441005,0.08530857,0.5468294,3.020215870569528,1.0
676,35.4375,241.3125,7.383335,14.5588255,24.721352,16.970325,2.3458903,0.9014573,0.105909124,0.685456,13.744259070089136,1.0
677,35.4375,241.4375,4.6628246,11.131658,21.303719,13.688955,2.7469091,1.1592627,0.1524508,0.8095607,28.46780887991201,1.0
678,35.4375,241.5625,3.6365297,9.8005295,20.064764,12.417629,3.2171705,1.4368358,0.19067144,0.994325,24.29871140397731,1.0
679,35.4375,241.6875,1.8071835,8.555808,19.137352,10.91338,2.2944102,0.656379,0.18046297,0.67525697,22.962531351409655,1.0
680,35.4375,241.8125,4.633904,12.009819,22.940807,14.091197,1.2446781,0.21501002,0.11203497,0.39639178,1.5416705517563194,1.0
681,35.4375,241.9375,6.4920917,14.3990965,25.491932,16.278215,0.7945373,0.21387248,0.11589438,0.31690717,0.3619281845219476,1.0
682,35.4375,242.0625,8.174413,16.268541,27.43752,18.108665,0.7596405,0.24471106,0.1070186,0.27981162,0.2969909735782222,1.0
683,35.4375,242.1875,8.3252,16.535788,27.84034,18.451283,0.7379535,0.2229084,0.10631881,0.28463376,0.26652423188200663,1.0
684,35.4375,242.3125,9.29612,17.217865,28.587128,19.372168,0.805733,0.25691447,0.13399217,0.28852215,0.23961214457336064,1.0
685,35.4375,242.4375,8.545308,16.576744,27.940186,18.672516,0.8452477,0.27353114,0.15653118,0.31831485,0.28567724483169826,1.0
686,35.4375,242.5625,8.871774,17.256727,28.601377,19.154427,0.7175446,0.23285247,0.13783841,0.2632356,0.23956060288133169,1.0
687,35.4375,242.6875,8.608852,17.269987,28.608774,19.015358,0.7550734,0.2643022,0.12737744,0.26749715,0.21103119137964607,1.0
688,35.4375,242.8125,7.3472986,16.116213,27.397469,17.767193,0.79377776,0.2749917,0.16029537,0.26241034,0.28152562182966134,1.0
689,35.4375,242.9375,7.170444,16.030807,27.3281,17.62806,0.7937787,0.27226022,0.1857027,0.27975,0.2618699633979941,1.0
690,35.4375,243.0625,7.6702886,16.559834,27.826097,18.102459,0.70724106,0.27152425,0.23166294,0.32481146,0.20714357575400102,1.0
691,35.4375,243.1875,7.107935,16.461893,27.775892,17.778893,0.7522052,0.28067064,0.27435893,0.3533196,0.22464033000833306,1.0
692,35.4375,243.3125,7.1703463,16.618418,27.956858,17.887293,0.751759,0.28846812,0.3435506,0.34272248,0.2531433870276613,1.0
693,35.4375,243.4375,6.5154586,16.10111,27.496187,17.321793,0.72363126,0.28851858,0.33120668,0.37558076,0.2605287513505312,1.0
694,35.4375,243.5625,7.448672,16.980837,28.439228,18.22887,0.616293,0.21026486,0.33289564,0.35475254,0.22627355856622394,1.0
695,35.4375,243.6875,7.5491858,17.179228,28.693644,18.422123,0.5361975,0.21477091,0.3148602,0.3397403,0.24473434759936824,1.0
696,35.4375,243.8125,11.310468,21.139418,32.735325,22.294306,0.28069946,0.1279059,0.20482776,0.22399421,0.25177255746969374,1.0
697,35.4375,243.9375,10.412115,20.212143,31.880106,21.403225,0.44581223,0.15255126,0.24434237,0.29986086,0.23429449466234797,1.0
698,35.4375,244.0625,7.4491954,16.9012,28.611723,18.296246,0.7241024,0.32303855,0.29975498,0.3696432,0.3100369926523923,1.0
699,35.4375,244.1875,6.8966765,15.808325,27.586937,17.513496,0.75009775,0.38810658,0.36373577,0.41464913,0.3658922340249314,1.0
700,35.4375,244.3125,7.6134243,16.009716,27.859753,18.01475,0.6450163,0.3303292,0.37856102,0.4119996,0.33890894343370515,1.0
701,35.4375,244.4375,6.148905,14.281441,26.199335,16.45867,0.6732835,0.33858433,0.6051571,0.52843326,0.40648102670210084,1.0
702,35.4375,244.5625,5.137064,13.298858,25.17252,15.457769,0.4878339,0.24873239,0.46260205,0.39652044,0.3769534147197613,1.0
703,35.4375,244.6875,9.907101,18.131535,29.886703,20.22395,0.4575075,0.24345572,0.5168264,0.38442037,0.312976749109447,1.0
704,35.4375,244.8125,7.592538,15.961979,27.579258,17.95763,0.62170875,0.32404426,0.7196226,0.52757776,0.492108724099093,1.0
705,35.5625,238.9375,11.18063,14.062321,18.91631,16.52198,2.87923,1.1502211,0.037596583,0.7498514,8.9552356778999,1.0
706,35.5625,239.0625,9.386317,13.103525,18.85312,15.521862,3.459006,1.3389013,0.045461852,0.90129393,18.356785613058467,1.0
707,35.5625,239.1875,8.846038,13.208197,19.600803,15.467644,3.5241158,1.3491566,0.048005678,0.92637736,31.29768782604998,2.0
708,35.5625,239.3125,9.416424,14.388236,21.364517,16.465723,2.9722683,1.1745129,0.04856561,0.7865665,8.14162379274467,1.0
709,35.5625,239.4375,9.193344,13.97294,20.900599,16.196705,3.4509609,1.2549087,0.04725771,0.8864135,2.9727913057519983,1.0
710,35.5625,239.5625,8.911744,13.376723,19.987965,15.705345,3.051613,1.0462066,0.04966633,0.7529619,2.5710650017709624,1.0
711,35.5625,239.6875,8.715393,13.414549,20.218987,15.719574,2.2211049,0.78456837,0.04736917,0.6246434,1.8655789239766671,1.0
712,35.5625,239.8125,7.9303417,13.163641,20.428974,15.380002,1.6046729,0.63938534,0.047816515,0.51609164,1.8587261831112127,1.0
713,35.5625,239.9375,7.3591566,14.339101,23.156162,16.223833,1.1728702,0.5347486,0.038824923,0.36834833,1.7411131517880634,1.0
714,35.5625,240.0625,8.2014065,16.100828,25.466183,17.64316,0.8085947,0.38621143,0.032374114,0.2466811,0.9153540271057836,1.0
715,35.5625,240.1875,9.158854,17.463154,27.101372,18.914621,0.71824324,0.3467328,0.032625943,0.20855346,0.8292200925053225,1.0
716,35.5625,240.9375,10.293737,18.089499,27.777346,19.855347,1.0604901,0.57505673,0.043735772,0.39974973,1.4560215627631703,1.0
717,35.5625,241.0625,10.376806,17.79766,27.634378,19.841114,1.2478818,0.66548777,0.05358317,0.4613323,1.3717460218311333,1.0
718,35.5625,241.1875,9.09051,15.969888,25.968378,18.38848,1.9472414,0.8553616,0.08992879,0.62966263,10.702455250844524,1.0
719,35.5625,241.3125,6.7278466,13.091416,23.117147,15.674613,2.5816176,1.1054668,0.123280935,0.7710144,18.331297372575534,1.0
720,35.5625,241.4375,6.25545,12.324877,22.410246,14.990114,2.7597296,1.2275373,0.12177969,0.809621,16.317586510687065,1.0
721,35.5625,241.5625,5.1408625,11.184332,21.440697,13.884792,3.6900332,1.5826615,0.17190714,1.0793744,17.69782775583562,1.0
722,35.5625,241.6875,3.664584,10.048048,20.495594,12.608615,2.628965,0.83398575,0.19001575,0.79303056,12.633295018054387,1.0
723,35.5625,241.8125,5.357072,12.488398,23.185429,14.686236,1.5132232,0.36143202,0.16429928,0.5200639,3.882936103091711,1.0
724,35.5625,241.9375,4.78526,12.817413,23.866495,14.690895,0.8192109,0.3166986,0.18164007,0.33369702,2.882489113637428,1.0
725,35.5625,242.0625,7.4962482,15.929696,27.049093,17.627483,0.67146176,0.24601226,0.16368902,0.2687968,0.28159539204094064,1.0
726,35.5625,242.1875,8.341003,16.908243,28.021162,18.525972,0.6930971,0.23704755,0.13891806,0.26060966,0.24785065873124845,1.0
727,35.5625,242.3125,8.831724,17.371428,28.597824,19.085297,0.72042745,0.21952415,0.15412094,0.24894539,0.21407087176944276,1.0
728,35.5625,242.4375,8.737546,17.38471,28.722826,19.138819,0.67554116,0.1841529,0.17012766,0.27168772,0.23766531152327122,1.0
729,35.5625,242.5625,9.805011,18.74562,30.164259,20.415977,0.5582662,0.1739483,0.15579246,0.25134754,0.18615787473772955,1.0
730,35.5625,242.6875,9.669651,18.777895,30.221031,20.374043,0.5936172,0.1769848,0.14456624,0.2677768,0.20830519675441567,1.0
731,35.5625,242.8125,8.239793,17.344032,28.73547,18.911942,0.63278985,0.19094662,0.12585855,0.2456291,0.24958668276724957,1.0
732,35.5625,242.9375,9.2611685,18.310806,29.656908,19.865938,0.60307944,0.18362607,0.13240458,0.22963357,0.21310634715718085,1.0
733,35.5625,243.0625,7.8286085,16.989714,28.382809,18.492136,0.6829511,0.27606276,0.25020576,0.36005896,0.2510631046711116,1.0
734,35.5625,243.1875,6.78655,16.265152,27.654247,17.581667,0.69930667,0.27689832,0.2674625,0.33724928,0.25479968093300714,1.0
735,35.5625,243.3125,8.531325,18.070293,29.465183,19.342165,0.5839489,0.2188002,0.26268232,0.30702314,0.2658907580899075,1.0
736,35.5625,243.4375,7.9300985,17.582266,29.020756,18.79183,0.68023115,0.20809972,0.29991257,0.35213447,0.25084192690791624,1.0
737,35.5625,243.5625,7.595665,17.17947,28.745375,18.404928,0.71949655,0.1890343,0.3364774,0.36676106,0.2982955727931787,1.0
738,35.5625,243.6875,8.043821,17.657045,29.30118,18.882458,0.54331154,0.1923881,0.31702918,0.3342078,0.3216589886075348,1.0
739,35.5625,243.8125,12.011447,21.626284,33.321316,22.872688,0.25153244,0.095215954,0.16731778,0.18871045,0.2882514820763699,1.0
740,35.5625,243.9375,10.572739,20.10429,31.834354,21.407084,0.39217874,0.1482473,0.24483542,0.28638104,0.23014599069010755,1.0
741,35.5625,244.0625,8.398229,17.652798,29.39319,19.109983,0.6531852,0.31056362,0.2904321,0.35121095,0.290740186164571,1.0
742,35.5625,244.1875,7.9286203,16.751404,28.548357,18.47728,0.6398369,0.31798863,0.31986135,0.35749575,0.3507611945510757,1.0
743,35.5625,244.3125,7.9226446,16.378077,28.254196,18.337442,0.6255686,0.30073774,0.45217252,0.4315636,0.3479877459895149,1.0
744,35.5625,244.4375,4.425802,12.7742815,24.704168,14.810607,0.66844374,0.2924554,0.71467113,0.53534824,0.9592363055984201,1.0
745,35.5625,244.5625,9.268045,17.647598,29.56213,19.669895,0.39071187,0.20671389,0.40975064,0.33999965,0.3147819741122607,1.0
746,35.6875,238.8125,10.232022,12.780555,17.202616,15.111459,3.4171472,1.35764,0.0359357,0.75657505,21.4291588429882,1.0
747,35.6875,238.9375,8.577932,12.069594,17.747545,14.476076,3.0421076,1.1911511,0.039457444,0.72587687,31.314858206317897,1.0
748,35.6875,239.0625,9.098778,13.473601,20.18414,15.884932,2.9086628,1.0769627,0.040706165,0.7233208,26.358059271852508,1.0
749,35.6875,239.1875,8.697322,13.587642,20.754068,15.862715,3.0017734,1.1383582,0.04206309,0.77594185,15.78414823833086,1.0
750,35.6875,239.3125,9.513832,14.802783,22.379963,16.943537,2.2349527,0.87358934,0.048801556,0.5967259,5.1082560525662,1.0
751,35.6875,239.4375,9.2895775,14.624355,22.430393,16.858154,2.5700796,1.0112938,0.048619393,0.6459514,1.27104296174234,1.0
752,35.6875,239.5625,8.826387,14.033102,21.563519,16.256332,2.4514022,0.996056,0.050706394,0.57508576,2.0780012897837503,1.0
753,35.6875,239.6875,8.2317295,14.154621,22.254002,16.242664,1.91391,0.84736377,0.047262546,0.48383933,1.5547898022534574,1.0
754,35.6875,239.8125,7.489071,13.967672,22.531359,16.01063,1.3493176,0.62982064,0.037085686,0.36127976,2.4901438605053685,1.0
755,35.6875,239.9375,8.88248,16.131924,25.242947,17.99006,0.8052914,0.3884991,0.032486916,0.26619655,1.4425293434083608,1.0
756,35.6875,240.9375,10.399479,17.84349,27.436968,19.670603,1.2322776,0.66456354,0.03940916,0.4490545,1.3652740794345921,1.0
757,35.6875,241.0625,10.781148,17.101154,26.812803,19.494757,1.4658318,0.69022083,0.051245876,0.4827903,2.2474806835311925,1.0
758,35.6875,241.1875,8.744018,14.17079,23.882074,16.86274,2.171027,1.0662974,0.09062656,0.7155242,12.841169614090985,1.0
759,35.6875,241.3125,6.2560205,11.280824,20.859709,13.98509,3.2830174,1.5668474,0.12586576,1.0331863,18.755967838227157,1.0
760,35.6875,241.4375,3.6199565,9.146623,19.179813,11.91944,3.7561264,1.7640791,0.15955566,1.1342192,43.57920950957251,1.0
761,35.6875,241.5625,8.21009,14.393147,24.87599,17.087648,2.2751055,0.76493376,0.062938415,0.6057795,5.8480142384231995,1.0
762,35.6875,241.6875,7.543587,13.940063,24.482233,16.552114,2.3468838,0.6706206,0.09915952,0.6142386,5.264157657422119,1.0
763,35.6875,241.8125,6.3166513,13.168078,23.771547,15.541912,1.7024981,0.45658275,0.18718114,0.45369625,6.621054435098923,1.0
764,35.6875,241.9375,3.661316,11.759361,22.787193,13.623011,1.3511541,0.49996692,0.3839778,0.37284476,10.671795316975048,1.0
765,35.6875,242.0625,4.792446,13.297442,24.363205,14.938142,0.84559464,0.324943,0.23438542,0.30276638,1.3844140732418033,1.0
766,35.6875,242.1875,9.19061,17.87309,28.916788,19.386705,0.5709504,0.16755337,0.15026835,0.22925112,0.2556330080486301,1.0
767,35.6875,242.3125,9.556808,18.335539,29.507198,19.896206,0.5280032,0.14931948,0.1485273,0.23153496,0.29114117102143233,1.0
768,35.6875,242.4375,9.300639,18.459724,29.854681,20.001938,0.5600532,0.15704459,0.17069253,0.23211832,0.2553115394941661,1.0
769,35.6875,242.5625,9.229466,18.822594,30.376759,20.26849,0.5408602,0.16892494,0.1719789,0.23480734,0.22515118277096485,1.0
770,35.6875,242.6875,10.297227,19.903215,31.4682,21.344923,0.52994955,0.16300578,0.1646474,0.24339908,0.3137481847304992,
771,35.6875,242.8125,7.3565536,16.754242,28.270716,18.249727,0.7486121,0.2836653,0.18718033,0.28916946,0.2577338727980215,1.0
772,35.6875,242.9375,8.784314,17.99953,29.452856,19.524796,0.6068193,0.21608844,0.21747713,0.3048308,0.20195043481860614,1.0
773,35.6875,243.0625,7.4500065,16.636189,28.085234,18.16543,0.6682261,0.3024157,0.29472274,0.39707378,0.23945623237865712,1.0
774,35.6875,243.1875,8.1724,17.528313,29.002281,18.957798,0.6260319,0.24253435,0.22292438,0.2879875,0.19875026844799717,1.0
775,35.6875,243.3125,8.79636,18.393202,29.915855,19.635435,0.5134056,0.20433843,0.24876356,0.26025134,0.2073847328276355,1.0
776,35.6875,243.4375,11.376518,21.004992,32.568768,22.238802,0.27440065,0.109411545,0.16700955,0.1663662,0.2761098625009669,1.0
777,35.6875,243.5625,12.721332,22.287579,33.931694,23.572552,0.27558407,0.10852952,0.15728378,0.18291585,0.29818889041567787,
778,35.6875,243.6875,12.168565,21.736696,33.470905,23.004484,0.26311308,0.08894236,0.16612816,0.16644889,0.2750709305994484,
779,35.6875,243.8125,11.885464,21.285742,33.02992,22.62015,0.3018041,0.09574931,0.20739765,0.19624881,0.2859602744012588,
780,35.6875,243.9375,9.96253,19.44316,31.258226,20.732014,0.38749108,0.17224632,0.22825764,0.2714522,0.2418251397033453,1.0
781,35.6875,244.0625,7.102996,16.395243,28.235405,17.800877,0.62501717,0.3061817,0.3887443,0.37789485,0.6278576169917903,1.0
782,35.6875,244.1875,7.315094,16.416624,28.292183,17.925842,0.6476727,0.2903012,0.3167858,0.35511023,0.35047191009118245,1.0
783,35.6875,244.3125,6.889427,15.829541,27.72906,17.443407,0.6008067,0.26459983,0.3882245,0.38353777,0.36118722632039996,1.0
784,35.6875,244.4375,8.96806,17.727388,29.658138,19.465706,0.4256818,0.19786176,0.37094158,0.3425269,0.34276133803865816,1.0
785,35.8125,238.6875,8.231631,11.328951,16.317793,13.615091,3.4582872,1.5338602,0.036883753,0.96128494,35.22501803980926,2.0
786,35.8125,238.8125,8.409167,11.795127,17.14967,14.094249,3.0610769,1.2464579,0.03459525,0.706816,23.21882281841725,1.0
787,35.8125,238.9375,9.071002,13.366069,20.039679,15.722837,2.553252,0.9354986,0.032789927,0.6009104,19.05582394611791,1.0
788,35.8125,239.0625,9.392903,14.23551,21.635057,16.656666,2.4100747,0.8678483,0.032630548,0.55560964,11.067177378460972,1.0
789,35.8125,239.1875,9.958007,14.914553,22.487633,17.32139,2.033174,0.8398819,0.039150044,0.46060893,3.3728605922030024,1.0
790,35.8125,239.3125,9.337975,14.717129,22.644308,16.970346,2.516378,1.006307,0.042238135,0.6285988,3.5842549920796962,1.0
791,35.8125,239.4375,8.335911,13.900039,21.934853,16.089836,3.0849953,1.2409405,0.041281506,0.76564974,4.40101512830958,1.0
792,35.8125,239.5625,7.552796,13.378149,21.6113,15.515217,2.941978,1.1725051,0.038464196,0.65395683,8.221261202389591,1.0
793,35.8125,239.6875,8.216032,14.851192,23.722221,16.862423,1.873753,0.8840231,0.036028154,0.40921712,2.1887245590968916,1.0
794,35.8125,239.8125,7.512001,14.694172,23.850008,16.601923,1.3373674,0.72611415,0.032025725,0.29517126,4.319551676719833,1.0
795,35.8125,239.9375,9.347537,16.924347,26.298794,18.744526,0.8898854,0.50244397,0.025527604,0.24860132,0.7246495796985294,1.0
796,35.8125,240.0625,9.539639,17.831093,27.513916,19.41203,0.8169115,0.41180897,0.022310175,0.24073222,0.9919498228723825,1.0
797,35.8125,241.0625,10.970924,17.144053,26.70816,19.527128,1.4574553,0.7702499,0.055967804,0.4924749,1.8059239793694006,1.0
798,35.8125,241.1875,9.400859,14.75476,24.453302,17.472996,2.1221125,1.1027694,0.08134096,0.7231423,11.205483321176473,1.0
799,35.8125,241.3125,6.8518276,11.742798,21.57724,14.731897,3.0772276,1.5849923,0.14040291,1.014396,25.22795936733002,1.0
800,35.8125,241.4375,2.1422963,7.5021358,17.678381,10.473466,4.473233,2.1364965,0.16857372,1.315304,66.88871275453428,2.0
801,35.8125,241.5625,5.735184,12.244229,22.964378,14.878171,3.806329,1.5068634,0.13533786,1.0551814,11.126114786421521,1.0
802,35.8125,241.6875,0.41335762,6.8656774,17.480906,9.478679,4.3547754,1.6213605,0.20280126,1.2149128,32.80509652487156,1.0
803,35.8125,241.8125,3.0796976,10.105526,20.837301,12.473987,1.6550046,0.61627275,0.24296255,0.5424079,8.870480546051297,1.0
804,35.8125,241.9375,2.6262376,10.294409,21.14756,12.367894,1.2131048,0.47742298,0.36225083,0.45769656,9.802883547469753,1.0
805,35.8125,242.0625,5.049511,13.535557,24.651785,15.278269,0.83339,0.29326272,0.23046419,0.32487643,1.9685962918039248,1.0
806,35.8125,242.1875,9.208551,17.940805,29.123047,19.568478,0.55575645,0.1693699,0.15010853,0.22332947,0.22853555170971845,1.0
807,35.8125,242.3125,9.409425,18.334387,29.615341,19.926517,0.5408494,0.15080002,0.14844216,0.22524238,0.2879282496587516,1.0
808,35.8125,242.4375,7.857732,17.183369,28.634365,18.697193,0.6861167,0.23531441,0.18612155,0.2748571,0.25777700784065705,1.0
809,35.8125,242.5625,6.090491,15.818598,27.413857,17.2272,0.6936873,0.2525817,0.1934363,0.27777553,0.27231433029789737,1.0
810,35.8125,242.6875,9.573336,19.257704,30.845774,20.67707,0.54061306,0.18918514,0.19243172,0.23609525,0.2728574105395262,1.0
811,35.8125,242.8125,7.953814,17.395845,28.925323,18.880846,0.5797378,0.2153742,0.19194642,0.27125782,0.27545330901293247,1.0
812,35.8125,242.9375,7.745292,16.978222,28.464043,18.518883,0.59395516,0.24999437,0.18286206,0.2797038,0.20239949746126448,1.0
813,35.8125,243.0625,9.099071,18.290432,29.773195,19.824158,0.5542219,0.1962265,0.16258971,0.24837938,0.177686418870173,1.0
814,35.8125,243.1875,9.133516,18.510939,30.082376,19.916164,0.6047943,0.21222444,0.19755052,0.27899143,0.21522230875498977,1.0
815,35.8125,243.3125,9.450461,18.900314,30.488663,20.23777,0.43351698,0.16509601,0.18135476,0.18981674,0.24024076862029262,1.0
816,35.8125,243.4375,12.5635395,22.054588,33.668575,23.362944,0.22193617,0.09780189,0.12547408,0.13616331,0.30376326391885894,
817,35.8125,243.5625,9.730834,19.267622,30.881416,20.48208,0.33989206,0.16443391,0.22317585,0.23335713,0.22770062381292955,1.0
818,35.8125,243.6875,9.906041,19.332714,31.060766,20.587679,0.33976182,0.1320477,0.2159964,0.2147302,0.1973947444080762,1.0
819,35.8125,243.8125,10.265846,19.692104,31.47422,20.93641,0.35603228,0.16881007,0.2187921,0.23252007,0.2468709767960018,1.0
820,35.8125,243.9375,8.459488,17.89663,29.715502,19.139107,0.4720899,0.25093487,0.2825273,0.2942065,0.21541965748224223,1.0
821,35.8125,244.0625,5.6847277,15.007955,26.845688,16.309708,0.7968652,0.3684855,0.563041,0.5017255,0.7423089146691817,1.0
822,35.8125,244.1875,6.5031686,15.749547,27.63297,17.092737,0.61759675,0.2783392,0.31816548,0.33812025,0.3463198697264841,1.0
823,35.8125,244.3125,8.600943,17.758339,29.683256,19.139704,0.37487757,0.18730937,0.2313607,0.26152194,0.28458415617897354,1.0
824,35.9375,238.5625,7.5921583,11.475576,17.718342,13.92508,5.904148,2.0828526,0.06390861,1.6522179,44.4928036470976,2.0
825,35.9375,238.6875,7.8781843,11.944922,18.440598,14.394243,3.5813673,1.1480224,0.041837335,0.91211444,19.058514378655207,1.0
826,35.9375,238.8125,9.277678,13.547998,20.125757,15.9010725,2.5959427,0.9032205,0.036750868,0.59330654,5.239093166268059,1.0
827,35.9375,238.9375,9.319904,13.724476,20.468815,16.073069,2.384426,0.9214272,0.022159282,0.5345582,10.071552837422605,1.0
828,35.9375,239.0625,9.123898,14.061155,21.631472,16.45363,2.3273096,0.89086646,0.038381718,0.5264106,11.775997931018484,1.0
829,35.9375,239.1875,9.698791,14.797199,22.788164,17.222261,2.081237,0.87682927,0.04171616,0.48768258,3.687201288459549,1.0
830,35.9375,239.3125,8.481517,13.925543,22.378355,16.300823,2.5741904,1.0583047,0.04188258,0.6132604,10.375035701514124,1.0
831,35.9375,239.4375,7.2245774,13.127186,21.913048,15.379555,2.8909957,1.229654,0.03901267,0.69809455,15.33440624883559,1.0
832,35.9375,239.5625,6.9682717,13.550028,22.705017,15.627537,3.052554,1.2308489,0.038457222,0.6944436,11.675411778516285,1.0
833,35.9375,239.6875,6.064601,13.19363,22.57547,15.173644,3.1420732,1.2232858,0.036457784,0.71805525,13.246223534189115,1.0
834,35.9375,239.8125,8.12633,15.667734,25.223791,17.596018,1.5186338,0.7603318,0.030432448,0.3398465,4.853263897401117,1.0
835,35.9375,239.9375,9.17256,17.286072,26.960413,19.04319,1.0152998,0.54502296,0.022065597,0.23120522,0.660030584948021,1.0
836,35.9375,240.0625,9.485422,17.776142,27.425533,19.406363,0.90699387,0.47682965,0.02042451,0.24123266,0.7799062349279527,1.0
837,35.9375,241.0625,10.084565,17.059486,26.410856,18.939468,1.6974351,0.9319357,0.054439686,0.5987816,3.734188898775412,1.0
838,35.9375,241.1875,8.808999,15.015059,24.52716,17.284689,2.4169812,1.249507,0.08302893,0.7809556,12.479254757891919,1.0
839,35.9375,241.3125,5.2615013,10.929705,20.772438,13.561406,3.4733672,1.6733226,0.13425127,0.9888388,44.203392480336426,2.0
840,35.9375,241.4375,2.1974697,7.9326487,18.01268,10.643992,4.217434,1.6533835,0.18765178,0.9084544,59.19561280595242,2.0
841,35.9375,241.5625,2.9825783,9.126178,19.558073,11.794928,4.176692,1.8248593,0.1621826,1.029182,20.64699239677798,1.0
842,35.9375,241.6875,-1.8422055,4.676393,15.274145,7.261244,3.661373,1.5468708,0.22329189,1.0094051,54.833022132315634,2.0
843,35.9375,241.8125,1.5303771,8.787108,19.606018,11.086127,1.4195361,0.57183033,0.27083755,0.5513216,7.077700874450231,1.0
844,35.9375,241.9375,-0.06340683,7.71739,18.671959,9.802577,1.5569893,0.6142308,0.36721152,0.60946053,11.275578250606662,1.0
845,35.9375,242.0625,4.559409,12.999238,24.172699,14.850195,0.9342031,0.3440673,0.27419782,0.3673965,1.796124499492476,1.0
846,35.9375,242.1875,6.9757915,15.594619,26.814175,17.355946,0.7223557,0.24713308,0.20175529,0.2886889,0.31339837948541344,1.0
847,35.9375,242.3125,8.188042,17.092335,28.412514,18.731129,0.6450391,0.1988149,0.18128282,0.2595996,0.26321002764573004,1.0
848,35.9375,242.4375,4.135424,13.275749,24.683655,14.840346,1.0318375,0.45119187,0.26299486,0.43750072,0.43981258523061395,1.0
849,35.9375,242.5625,3.6605139,12.996169,24.476786,14.503643,0.843158,0.3466349,0.25867265,0.38019317,0.4805330015579535,1.0
850,35.9375,242.6875,8.509045,17.867662,29.369446,19.366423,0.5443268,0.18347728,0.1980271,0.23231892,0.2424323797765119,1.0
851,35.9375,242.8125,7.9891076,17.24382,28.72597,18.766066,0.61697036,0.30468783,0.21852893,0.32035458,0.3053124717254931,1.0
852,35.9375,242.9375,4.568672,13.66028,25.116394,15.231676,0.6869267,0.3835547,0.18620765,0.370374,0.5378687302135337,1.0
853,35.9375,243.0625,8.048303,17.13064,28.604288,18.646753,0.52198577,0.23207648,0.11700542,0.26591676,0.21529623947873533,1.0
854,35.9375,243.1875,12.042733,21.3,32.84631,22.709297,0.24417193,0.09587675,0.09488721,0.13007648,0.2752869911632954,1.0
855,35.9375,243.3125,12.195697,21.489288,33.051704,22.864641,0.21055186,0.10295441,0.08268767,0.12547532,0.27049927851423977,
856,35.9375,243.4375,9.074728,18.40405,30.010462,19.752151,0.32351562,0.18955976,0.16731277,0.20168093,0.26847544582344945,1.0
857,35.9375,243.5625,7.710267,17.10323,28.718468,18.33604,0.47274914,0.28583094,0.33288103,0.28553185,0.2017294270284542,1.0
858,35.9375,243.6875,9.656949,19.060032,30.735191,20.25294,0.30818874,0.18207088,0.2256294,0.21377432,0.21140126568769782,1.0
859,35.9375,243.8125,9.771331,19.142235,30.864851,20.331839,0.3400155,0.19794045,0.2516935,0.23582087,0.2259676202552335,1.0
860,35.9375,243.9375,7.368846,16.663132,28.420708,17.906069,0.47163206,0.2775248,0.3227913,0.31384513,0.22399479849146972,1.0
861,35.9375,244.0625,7.994994,17.252134,29.082869,18.526669,0.46897596,0.25753936,0.25817978,0.2944187,0.27271668937122723,1.0
862,36.0625,238.4375,7.133917,10.544841,15.7741,13.025374,8.018693,3.0274305,0.120992675,1.871389,41.19898251848798,1.0
863,36.0625,238.5625,6.6474533,10.641179,16.760365,13.096128,5.6877284,1.9784789,0.055006854,1.3625875,18.833577591334482,1.0
864,36.0625,238.6875,7.813471,12.096424,18.562872,14.497496,3.8613844,1.1517987,0.03812678,0.93576616,14.54986317787589,1.0
865,36.0625,238.8125,8.660655,13.104239,19.634075,15.44743,3.2673752,1.0366125,0.03498455,0.7694552,15.494131553344689,1.0
866,36.0625,238.9375,9.251507,13.812651,20.507282,16.14283,2.5116687,0.97439915,0.027410526,0.59743434,15.267439489779767,1.0
867,36.0625,239.0625,10.414758,15.214496,22.84649,17.702831,1.9120095,0.7062914,0.030726409,0.5578913,3.225549708361626,1.0
868,36.0625,239.1875,9.316675,14.459242,23.024729,17.0098,2.3809524,0.9658104,0.046256304,0.63649666,6.4374030094981105,1.0
869,36.0625,239.3125,7.9512596,13.358822,22.56647,15.956934,2.7796297,1.1885093,0.041480303,0.7574608,10.499399107052604,1.0
870,36.0625,239.4375,6.9395113,13.146568,22.683176,15.494235,3.093829,1.2530861,0.039839383,0.77579516,13.965573867971502,1.0
871,36.0625,239.5625,7.911914,15.131372,24.77537,17.074457,2.429266,0.9622368,0.038226984,0.5413609,7.055176390367433,1.0
872,36.0625,239.6875,9.049171,16.593168,26.274923,18.440535,1.5425444,0.71147573,0.034610614,0.34947485,1.682767479093312,1.0
873,36.0625,241.0625,9.417907,17.17315,26.394447,18.67771,1.9605266,1.0341812,0.054798186,0.72806776,7.213110242916398,1.0
874,36.0625,241.1875,8.296207,15.381096,24.65739,17.15008,3.1144211,1.6241606,0.089171566,0.9332311,13.768104640564754,1.0
875,36.0625,241.3125,3.6859417,10.133179,19.637936,12.282848,4.4990892,2.038921,0.14298627,1.1671214,56.073561036494965,2.0
876,36.0625,241.4375,-0.061957058,6.0529943,15.969479,8.494552,4.3629136,1.6909943,0.15945472,0.9076489,82.36101525849827,2.0
877,36.0625,241.5625,1.3095393,7.701627,18.114595,10.24665,4.097535,1.634698,0.1515537,0.87548274,27.565379963835365,1.0
878,36.0625,241.6875,-1.585102,5.2816744,15.901682,7.694542,3.4137578,1.4617226,0.15417999,0.7670045,39.37381331625266,1.0
879,36.0625,241.8125,-0.7995433,6.866489,17.842802,9.044835,1.7507509,0.76235056,0.22619677,0.54728156,22.157369131786904,1.0
880,36.0625,241.9375,-0.22481814,7.973271,19.113523,9.955229,1.6383071,0.6799359,0.28521413,0.5710906,11.57718544040418,1.0
881,36.0625,242.0625,6.152441,14.646584,25.889145,16.529388,0.81590635,0.32125956,0.24457815,0.32330036,0.5238250443342813,1.0
882,36.0625,242.1875,5.189366,13.773466,25.032269,15.589414,0.91743404,0.36068892,0.2559707,0.37905717,0.32777453718931093,1.0
883,36.0625,242.3125,4.215391,12.939481,24.227152,14.669041,1.0514948,0.45547652,0.28724715,0.45060003,0.4180798046736311,1.0
884,36.0625,242.4375,2.308583,11.198662,22.553741,12.851334,1.1491371,0.52157533,0.3097626,0.49114662,0.6414831261626577,1.0
885,36.0625,242.5625,3.515637,12.492608,23.891483,14.102455,0.8328665,0.35742038,0.27998573,0.37381297,0.8141818870181169,1.0
886,36.0625,242.6875,9.789921,18.772083,30.194614,20.36927,0.42098838,0.12888329,0.15185007,0.18779963,0.2513600400222446,1.0
887,36.0625,242.8125,7.7539024,16.703995,28.128548,18.297483,0.68399936,0.36668256,0.26618487,0.35542595,0.2917835910919516,1.0
888,36.0625,242.9375,0.92638457,9.865404,21.312778,11.457732,0.88290584,0.543557,0.29512867,0.48933583,3.0675497744247404,1.0
889,36.0625,243.0625,8.634768,17.662014,29.142311,19.15908,0.31522226,0.19574635,0.10528949,0.17796203,0.27303964736073916,1.0
890,36.0625,243.1875,13.87265,22.990957,34.510075,24.419628,0.15411417,0.09019408,0.08170907,0.095747665,0.2822350993503281,
891,36.0625,243.3125,7.7579317,16.944534,28.483074,18.316412,0.47009364,0.17623372,0.12925065,0.3354539,0.30032206978551823,1.0
892,36.0625,243.4375,5.591215,14.798378,26.371073,16.132025,0.47326088,0.25564834,0.1908508,0.30048683,0.48937240255591535,1.0
893,36.0625,243.5625,7.065434,16.317339,27.918722,17.579033,0.47138882,0.28412515,0.28288627,0.2922147,0.25284061530506285,1.0
894,36.0625,243.6875,8.834457,18.082949,29.72662,19.312433,0.36213088,0.2126252,0.26539037,0.23348564,0.222368951350282,1.0
895,36.0625,243.8125,7.903314,17.163425,28.844753,18.351063,0.4111363,0.25493565,0.33814484,0.28720933,0.22540019710615394,1.0
896,36.0625,243.9375,5.8469377,15.100602,26.795282,16.282364,0.53171545,0.28822505,0.4205922,0.37090138,0.2928873492575297,1.0
897,36.1875,238.3125,7.8437595,10.818735,15.218113,13.407369,7.3197536,2.8555284,0.14338826,2.0825975,46.78256149893323,1.0
898,36.1875,238.4375,6.448572,10.104639,15.560546,12.6569805,6.4655175,2.4923155,0.105056405,1.6747541,18.893829144136546,1.0
899,36.1875,238.5625,6.179049,10.120848,15.850789,12.556876,6.2045455,2.0704744,0.086635195,1.4202864,13.325457989118316,1.0
900,36.1875,238.6875,7.5918574,11.926262,18.032211,14.235047,4.1894794,1.2731273,0.03623782,0.9755062,13.448887903085582,1.0
901,36.1875,238.8125,9.5624,14.031544,19.650196,16.097355,2.433288,0.8693823,0.029681101,0.6222555,13.165377518476577,1.0
902,36.1875,239.0625,9.558618,14.365706,21.878574,16.816467,2.170795,0.85921365,0.04824455,0.6069264,3.031154414809091,1.0
903,36.1875,239.1875,8.545727,13.630287,22.651926,16.328472,2.6712832,1.1297832,0.056301482,0.7518341,7.68679886728478,1.0
904,36.1875,239.3125,6.5052023,11.512769,21.015747,14.360512,3.4098837,1.3971577,0.056294713,0.969871,14.101904664696598,1.0
905,36.1875,239.4375,6.898411,12.822184,22.392265,15.317484,3.3932016,1.1598494,0.046025988,0.8126418,13.280784799304959,1.0
906,36.1875,239.5625,8.52339,15.690119,25.372986,17.65701,1.6567423,0.6804741,0.038219035,0.38998085,3.4869740251493733,1.0
907,36.1875,239.6875,9.664606,17.202608,26.871737,19.00759,1.1488322,0.53339064,0.034615535,0.27536857,0.48265429656289943,1.0
908,36.1875,241.0625,8.449181,16.13641,25.301037,17.53875,2.6072564,1.3003801,0.07073092,0.86269,11.262235029683367,1.0
909,36.1875,241.1875,6.9962482,14.625465,23.94892,16.168938,3.6944828,1.8393614,0.09425673,1.0331864,15.328648032056106,1.0
910,36.1875,241.3125,2.6035156,9.823087,19.747965,11.899624,5.744431,2.557941,0.15607107,1.4755102,67.68021125870496,2.0
911,36.1875,241.4375,-1.5360171,5.0504074,15.266545,7.6012106,5.906773,2.5195138,0.20592752,1.4141043,97.72731699195475,2.0
912,36.1875,241.5625,1.5736336,8.330508,19.303453,11.095005,5.4530168,2.309374,0.1850367,1.2146518,34.440090157297604,2.0
913,36.1875,241.6875,-0.70716506,6.4438562,17.501621,9.0221405,4.6025257,1.8357188,0.21214555,0.9630959,40.1753361975037,1.0
914,36.1875,241.8125,-2.4489307,5.2705708,16.406387,7.56621,3.07336,1.3785516,0.24968833,0.7906898,37.839841776672586,2.0
915,36.1875,241.9375,-0.09832935,8.260551,19.473623,10.213046,1.5857028,0.66023195,0.26369897,0.49357778,12.006458087680311,1.0
916,36.1875,242.0625,5.503772,13.995366,25.24969,15.881447,1.0446951,0.4117662,0.25711268,0.3876598,0.3404500634102413,1.0
917,36.1875,242.1875,1.9671397,10.51068,21.766792,12.350917,1.3996497,0.6161678,0.24708815,0.5195112,1.5882846661978172,1.0
918,36.1875,242.3125,1.1198744,9.750961,21.032394,11.523119,1.3338667,0.59543693,0.30878246,0.5144599,2.4793058526470166,1.0
919,36.1875,242.4375,4.183609,12.958307,24.276093,14.631488,1.0118179,0.48548907,0.3257147,0.45427394,0.33311887601737245,1.0
920,36.1875,242.5625,5.1764603,13.929148,25.296648,15.606599,0.6668105,0.2984932,0.24477297,0.3109932,0.4199916882312546,1.0
921,36.1875,242.6875,10.040396,18.786774,30.168686,20.426517,0.36093962,0.15024012,0.13036434,0.15866376,0.25139768405881835,
922,36.1875,242.8125,6.076229,14.785202,26.182858,16.424135,0.7601085,0.42796743,0.265148,0.38990897,0.4447825491263404,1.0
923,36.1875,242.9375,0.2784304,9.013629,20.4204,10.632323,0.93033576,0.5569747,0.32838005,0.50763786,3.274139338854797,1.0
924,36.1875,243.0625,10.545298,19.39339,30.852934,20.95031,0.20233272,0.0963159,0.104127996,0.11475366,0.2757016091029479,1.0
925,36.1875,243.1875,14.106599,23.006151,34.48434,24.512463,0.18740627,0.09051846,0.08391657,0.11814593,0.3052270532415794,
926,36.1875,243.3125,6.286934,15.305813,26.825247,16.702345,0.55666304,0.21867274,0.1286713,0.3956581,0.3045458285404823,1.0
927,36.1875,243.4375,5.816835,14.884806,26.42112,16.225132,0.44864687,0.29682294,0.17112097,0.30137923,0.3084128628676886,1.0
928,36.1875,243.5625,8.073235,17.182678,28.743244,18.46756,0.3693948,0.2629794,0.22245513,0.26230472,0.25556917394939266,1.0
929,36.1875,243.6875,8.806732,17.916132,29.520414,19.162325,0.37610856,0.22979568,0.26154888,0.27252933,0.23421948236521106,1.0
930,36.1875,243.8125,6.2995973,15.560719,27.194885,16.709923,0.42390805,0.25580898,0.3772559,0.33138773,0.27638691934545895,1.0
931,36.3125,238.1875,9.206324,11.60075,15.397608,14.369046,6.5286775,2.6068501,0.123750985,1.7741764,59.12574191941387,1.0
932,36.3125,238.3125,6.6974916,9.264658,13.305583,12.022432,6.156106,2.58148,0.12203969,1.5766087,24.55664998082677,1.0
933,36.3125,238.4375,5.644694,8.853369,13.701159,11.521257,4.4070754,1.8529897,0.08965135,1.1097945,21.515564698027156,1.0
934,36.3125,238.5625,7.921711,11.732416,17.484846,14.31759,3.7189727,1.460951,0.05747009,0.9217922,17.567386273064745,1.0
935,36.3125,238.9375,9.640111,14.202533,20.861185,16.58449,2.1018913,0.8567349,0.034070987,0.5527474,4.276187083272903,1.0
936,36.3125,239.0625,8.919544,13.76638,21.566755,16.346733,2.3958876,0.98187417,0.036529914,0.6198045,8.381821695816875,1.0
937,36.3125,239.1875,6.7135115,11.804798,20.735058,14.566912,3.2885087,1.373394,0.0559707,0.8821449,18.39842033600839,1.0
938,36.3125,239.3125,5.7283773,11.189715,20.739826,13.930789,3.7578125,1.5039965,0.057918295,0.9931797,19.3968102721972,1.0
939,36.3125,239.4375,5.827311,11.817597,21.472527,14.371301,3.8724163,1.3217287,0.04904976,0.94633263,15.536185721717672,1.0
940,36.3125,239.5625,6.7939324,13.603231,23.146236,15.750763,2.933525,1.0379659,0.04106017,0.7022761,6.105183952179913,1.0
941,36.3125,239.6875,9.113543,16.54858,25.963322,18.377548,1.32101,0.5787285,0.0305171,0.3180073,1.60501435986147,1.0
942,36.3125,240.9375,9.550257,17.270882,26.394749,18.711819,1.9727,1.0091276,0.055997983,0.7401467,10.603341045952616,1.0
943,36.3125,241.0625,8.199757,15.566841,25.18723,17.427057,3.860012,1.9073668,0.107603095,1.2186093,13.46330685057466,1.0
944,36.3125,241.1875,4.28919,11.324335,21.447945,13.615361,5.385303,2.4803755,0.17526205,1.4483285,38.80789364592132,2.0
945,36.3125,241.3125,-1.626244,4.944694,15.492628,7.7498655,5.9164653,2.6734607,0.2543252,1.4307665,82.95961176127328,2.0
946,36.3125,241.4375,-4.211077,2.279387,12.852579,5.1421366,5.3553767,2.5464609,0.22512466,1.2892243,58.1454720852851,2.0
947,36.3125,241.5625,-3.5286388,3.2555234,14.229544,6.1047273,4.7535634,2.278689,0.2265057,1.183218,36.443791579668904,2.0
948,36.3125,241.6875,-4.6846943,2.5194042,13.592491,5.1423726,3.6933756,1.7437229,0.19593817,0.95162827,39.57190783484921,2.0
949,36.3125,241.8125,-3.9601512,3.9221852,15.117607,6.1748505,2.8743908,1.2702664,0.25550914,0.8632595,28.585034204809894,1.0
950,36.3125,241.9375,0.8011261,8.960198,20.132055,11.003363,1.2831414,0.5409302,0.23953316,0.47608215,6.154718807053857,1.0
951,36.3125,242.0625,6.2047033,14.648246,25.86657,16.498308,0.9210791,0.37448326,0.25822163,0.3561202,0.30895970777470744,
952,36.3125,242.1875,3.4482806,12.090326,23.356817,13.846519,1.2263918,0.54957885,0.2763943,0.47784933,0.41675935325834407,1.0
953,36.3125,242.3125,3.7446575,12.439141,23.7236,14.148498,1.0424714,0.46523973,0.3041103,0.43621945,0.30165204519985295,1.0
954,36.3125,242.4375,5.3414016,14.041122,25.348183,15.729508,0.90133274,0.36623147,0.26853898,0.38291913,0.27774878228223465,1.0
955,36.3125,242.5625,8.616783,17.329685,28.665648,18.991743,0.5312337,0.17590757,0.1533488,0.19093761,0.2705154111264897,1.0
956,36.3125,242.6875,8.489304,17.125929,28.499424,18.796467,0.5475346,0.29694793,0.17557296,0.26071432,0.2648018496699446,1.0
957,36.3125,242.8125,3.66389,12.264608,23.653437,13.93849,0.8247722,0.4929579,0.23090523,0.4306792,0.3944787275914321,1.0
958,36.3125,242.9375,2.6743762,11.3172865,22.726482,12.964079,0.7874137,0.4533763,0.26751277,0.40201232,1.3037830423512686,1.0
959,36.3125,243.0625,11.995096,20.727797,32.153362,22.316938,0.16837433,0.083762065,0.21685134,0.09184372,0.2687577506603828,1.0
960,36.3125,243.1875,13.2607155,22.019712,33.446373,23.545794,0.2477372,0.10314868,0.084619075,0.15894024,0.2913865109448888,
961,36.3125,243.3125,7.1905026,16.086588,27.553883,17.495651,0.47048125,0.17631504,0.12545846,0.27252424,0.2730958682361844,1.0
962,36.3125,243.4375,7.408222,16.368801,27.854496,17.717108,0.35242334,0.22125448,0.14809527,0.24983406,0.2466821642235263,1.0
963,36.3125,243.5625,9.162869,18.151455,29.65276,19.455252,0.3026089,0.21425495,0.16898525,0.22229394,0.2302227331607424,1.0
964,36.3125,243.6875,8.878075,17.947983,29.507742,19.187052,0.37794188,0.22969776,0.2650121,0.26828057,0.2821281871534626,1.0
965,36.4375,238.1875,8.341131,10.481033,13.885303,13.263335,4.3328214,1.4748771,0.0828796,1.0642331,57.60401005235328,2.0
966,36.4375,238.3125,9.397556,11.802751,15.656021,14.618466,3.4013069,1.3340034,0.066839665,0.8726116,34.73088483236715,1.0
967,36.4375,238.4375,7.7657156,10.562433,14.911771,13.315896,4.2575693,1.6490488,0.0856046,1.0241289,23.930052511543305,1.0
968,36.4375,238.8125,9.649555,14.1206875,22.076605,17.135702,2.243762,0.97437567,0.042454034,0.6101075,12.382359772943822,1.0
969,36.4375,238.9375,9.188113,13.755807,21.577356,16.62355,2.4006045,0.94585466,0.05329925,0.60732746,6.51060711072305,1.0
970,36.4375,239.0625,7.641871,12.512157,20.767704,15.294467,2.5358303,0.9735077,0.05286105,0.61618346,15.263741096826191,1.0
971,36.4375,239.1875,7.0092287,12.258278,21.360355,15.080584,2.8662066,1.127518,0.055722892,0.6899308,10.64296859520574,1.0
972,36.4375,239.3125,7.712853,13.155697,22.842241,16.044498,3.2873194,1.212553,0.06210343,0.7997673,10.668529236163645,1.0
973,36.4375,239.4375,7.8809443,13.940347,23.689991,16.564548,2.679648,0.9272383,0.042234816,0.6635713,5.68552981744381,1.0
974,36.4375,239.5625,9.675009,16.465378,25.973888,18.686382,1.3357711,0.5406774,0.03642281,0.36009976,1.4068245721499708,1.0
975,36.4375,240.9375,9.7846985,17.357407,26.783037,19.094444,2.4324265,1.2629368,0.0736538,0.8473095,10.097761720272395,1.0
976,36.4375,241.0625,8.821564,15.689938,25.993988,18.168932,3.7053955,1.9098479,0.12942311,1.2103505,15.671093770129874,1.0
977,36.4375,241.1875,5.952764,12.456337,23.34124,15.451386,5.334471,2.5794373,0.19075732,1.4746844,41.12686922947967,2.0
978,36.4375,241.3125,-1.4866368,4.843835,15.643158,7.915274,5.4327393,2.6182714,0.253607,1.4037594,90.39607285144324,2.0
979,36.4375,241.4375,-7.476437,-1.1705672,9.537278,1.8655958,5.9149914,3.12266,0.22595462,1.3664114,21.80782226361496,
980,36.4375,241.5625,-5.223811,1.445139,12.339102,4.2950835,4.4316645,2.227338,0.17299233,1.1026003,38.42164818584657,1.0
981,36.4375,241.6875,-6.392958,0.9575194,12.073664,3.4918373,3.3454165,1.6988568,0.16335866,0.91386867,17.321019915425154,1.0
982,36.4375,241.8125,-6.378505,1.3786664,12.514259,3.655392,2.7335732,1.3583432,0.23182479,0.83471906,12.907655855216076,1.0
983,36.4375,241.9375,2.0916147,10.08978,21.250053,12.215679,1.1522158,0.45371732,0.1782888,0.3677593,3.2157515197459867,1.0
984,36.4375,242.0625,6.3867016,14.58046,25.752316,16.556633,0.8113633,0.2756035,0.23215543,0.28282583,0.3118584679775112,
985,36.4375,242.1875,5.0739875,13.648173,24.907345,15.420487,0.9941852,0.40566555,0.25090393,0.40440232,0.35279510649901996,1.0
986,36.4375,242.3125,2.4801075,11.17202,22.440641,12.851474,1.0298623,0.4029982,0.24823315,0.4070012,0.5021622971725833,1.0
987,36.4375,242.4375,5.038094,13.747435,25.049536,15.393027,0.83838385,0.31942987,0.2155962,0.32967162,0.27381203264146825,1.0
988,36.4375,242.5625,9.1548395,17.840557,29.171577,19.486486,0.5819833,0.18547674,0.11637859,0.19706267,0.2784623861246416,1.0
989,36.4375,242.6875,4.6764116,13.290486,24.66693,14.969114,0.7621317,0.46989447,0.2535842,0.40770447,0.3603601719872514,1.0
990,36.4375,242.8125,4.8516173,13.414315,24.773148,15.081708,0.7723136,0.41845012,0.20633556,0.35950586,0.45922048553651534,1.0
991,36.4375,242.9375,6.556022,15.165945,26.549038,16.809204,0.42186528,0.20757443,0.12683606,0.19318517,0.29730237976150037,1.0
992,36.4375,243.0625,13.7236595,22.391039,33.803486,23.969765,0.15504047,0.084350385,0.09208173,0.092135705,0.2851078293702907,
993,36.4375,243.1875,12.326299,21.052004,32.466473,22.560658,0.22485176,0.13017295,0.096178226,0.12692691,0.27403256295666895,
994,36.4375,243.3125,7.0285044,15.825099,27.255257,17.264254,0.4303459,0.21264914,0.119136855,0.23586616,0.2802621951144527,1.0
995,36.4375,243.4375,7.2604427,16.156862,27.61668,17.522316,0.3694029,0.22352204,0.1445688,0.22738232,0.29852689807716054,1.0
996,36.5625,238.1875,11.393416,13.352426,16.469656,16.118782,2.8917792,1.1059327,0.06668391,0.72095525,23.354799780744713,1.0
997,36.5625,238.3125,10.163939,12.597766,16.028315,15.225081,3.5381272,1.2948794,0.06070895,0.8073708,16.491137065268614,1.0
998,36.5625,238.6875,8.040157,11.959961,18.418056,14.7918005,2.6265118,1.1049783,0.04765696,0.6211278,17.511317586412012,1.0
999,36.5625,238.8125,8.647256,12.97243,20.503767,15.92256,2.286156,1.0181079,0.04990504,0.5887778,16.52352632588911,1.0
1000,36.5625,238.9375,7.4255223,11.932499,19.594944,14.833452,2.5555484,1.1252773,0.049741507,0.7102198,14.965937303505676,1.0
1001,36.5625,239.0625,7.287655,12.342134,20.734325,15.151177,1.875127,0.81196684,0.043599434,0.52045405,12.596328868672266,1.0
1002,36.5625,239.1875,8.818321,14.182637,23.089672,16.981537,1.6479459,0.6538524,0.041297965,0.4649588,3.1368484659503593,1.0
1003,36.5625,239.3125,9.310821,15.212505,24.748451,17.937796,1.690796,0.61328375,0.042569287,0.44546577,2.1117880093369994,1.0
1004,36.5625,239.4375,9.816353,16.228874,25.80133,18.691187,1.4728836,0.53639615,0.04273798,0.4139479,1.2886342577285976,1.0
1005,36.5625,240.8125,9.455851,16.513445,26.093182,18.676775,2.5420744,1.2833071,0.08095058,0.87054414,12.549144049699082,1.0
1006,36.5625,240.9375,8.834612,15.204872,25.26913,17.873518,4.4924583,2.2255752,0.13960658,1.4321303,16.03971915701383,1.0
1007,36.5625,241.0625,7.5554047,13.444436,24.30228,16.747162,4.972328,2.5524864,0.15440556,1.4784282,26.431539387586014,1.0
1008,36.5625,241.1875,3.8424656,9.630132,20.587332,13.096336,5.3529263,2.6853743,0.17982289,1.4730103,67.93417922580942,2.0
1009,36.5625,241.3125,-1.0633065,4.62146,15.473481,8.090412,5.509435,2.6401153,0.2850712,1.5087359,79.54935522408879,2.0
1010,36.5625,241.4375,-7.0008125,-1.2457774,9.638498,2.1677544,4.4290524,2.1991918,0.22989354,1.1180079,20.640654953418743,1.0
1011,36.5625,241.5625,-7.8286905,-1.1128092,9.817874,1.6978023,3.938733,1.9947159,0.17667854,0.9808947,12.248570345606584,1.0
1012,36.5625,241.6875,-9.325575,-1.9369678,9.059011,0.4550559,3.8665543,2.004093,0.21481879,0.95061475,4.722681066278799,
1013,36.5625,241.8125,-2.950926,4.954873,16.05738,7.071243,2.1062007,0.9188057,0.21850635,0.64453876,3.5340958760628878,1.0
1014,36.5625,241.9375,5.3876896,13.4575815,24.57015,15.469462,0.8642643,0.24361864,0.17309666,0.27196583,0.46138825625732105,1.0
1015,36.5625,242.0625,4.5493717,12.75779,23.886223,14.6647835,0.98143125,0.310348,0.20269635,0.30595088,1.0089490639594947,1.0
1016,36.5625,242.1875,0.89458734,9.234163,20.378424,11.062003,1.6905928,0.5707515,0.2550706,0.536092,1.6602334920887252,1.0
1017,36.5625,242.3125,3.1797695,11.957372,23.207129,13.53609,1.2258824,0.361005,0.20879883,0.37445575,0.6427549066164048,1.0
1018,36.5625,242.4375,3.599585,12.234312,23.46453,13.841644,1.2446795,0.43756622,0.27450466,0.42393368,1.4464486580184925,1.0
1019,36.5625,242.5625,3.4642265,12.01156,23.257896,13.647118,1.0319871,0.34326246,0.22196847,0.3326795,1.1736611333249474,1.0
1020,36.5625,242.6875,8.391927,16.868578,28.171124,18.550375,0.48654872,0.21771462,0.13601296,0.20960262,0.28287397585365337,1.0
1021,36.5625,242.8125,11.190294,19.697765,31.019188,21.366001,0.37045044,0.20197679,0.13120309,0.17842945,0.2950180139633734,
1022,36.5625,242.9375,10.653728,19.165916,30.489283,20.813393,0.25922206,0.13992128,0.07414212,0.13025457,0.28669833888318724,1.0
1023,36.5625,243.0625,14.215261,22.789204,34.14901,24.368185,0.14053284,0.085910186,0.071956776,0.08121565,0.2991337503466232,
1024,36.5625,243.1875,10.922363,19.559525,30.928343,21.080944,0.33882412,0.19191821,0.12439936,0.2028208,0.2684804835150117,1.0
1025,36.5625,243.3125,6.700796,15.417077,26.810366,16.877535,0.48926106,0.27593523,0.17340739,0.2719968,0.3114479022964687,1.0
1026,36.6875,238.4375,10.9770355,13.751518,17.23803,16.242872,2.307635,0.9779664,0.045322243,0.64764065,17.931015874503466,
1027,36.6875,238.5625,8.00713,11.329309,15.7610235,13.835608,2.465184,1.0233308,0.044687197,0.6766068,27.547260490648405,1.0
1028,36.6875,238.6875,8.754655,12.456209,17.759544,15.047245,2.3141215,1.0014905,0.039203182,0.6390475,16.771608467269598,1.0
1029,36.6875,238.8125,8.664881,13.068043,19.563505,15.7376175,2.302063,0.93290997,0.03230426,0.5711905,7.059615048144058,1.0
1030,36.6875,238.9375,6.707439,12.152012,19.931395,14.780657,2.1429858,0.8829188,0.047755674,0.53939295,7.993027778937103,1.0
1031,36.6875,239.0625,6.8186646,12.878511,21.444584,15.411196,1.4922609,0.62412626,0.039896026,0.3864174,6.432711317235877,1.0
1032,36.6875,239.1875,8.062822,14.511113,23.435307,16.976702,1.5112761,0.61918086,0.040861256,0.40553293,2.8879387571407644,1.0
1033,36.6875,240.6875,9.598691,16.734211,26.479713,19.027346,2.523058,1.209234,0.09380776,0.8501447,11.906840091296443,1.0
1034,36.6875,240.8125,8.848375,15.166062,25.228655,18.00648,4.6494718,2.2810333,0.120334946,1.5529892,14.185766862137426,1.0
1035,36.6875,240.9375,8.414793,13.059582,23.694832,16.958313,6.151848,3.089145,0.15767862,1.8007709,28.331547170745413,1.0
1036,36.6875,241.0625,4.674545,8.6119995,19.466541,12.924313,6.3185854,3.1030009,0.24163136,1.8733847,85.73237787453661,2.0
1037,36.6875,241.1875,-1.2810041,3.8550851,14.695186,7.568946,6.00727,2.6155372,0.35567376,1.777237,92.89138497027814,2.0
1038,36.6875,241.3125,-4.6999865,0.8019038,11.632262,4.3306127,5.147203,2.2145367,0.31621948,1.5421275,63.50864480356225,2.0
1039,36.6875,241.4375,-5.6605687,0.30498916,11.25324,3.583346,4.72177,2.0530188,0.35046917,1.3698977,31.97671835411212,1.0
1040,36.6875,241.5625,-9.420843,-2.2877533,8.667664,0.24291763,4.6417475,2.1741426,0.31964415,1.1750652,3.6302026908085687,
1041,36.6875,241.6875,-6.77418,1.1062429,12.131236,3.156061,3.7448826,1.7215923,0.24664897,1.0113299,4.559838741319842,1.0
1042,36.6875,241.8125,4.163052,12.556139,23.64744,14.305803,1.0007242,0.25467512,0.14686117,0.2857111,0.9069468122978339,1.0
1043,36.6875,241.9375,5.827516,14.287969,25.393545,16.016514,1.0163075,0.28056824,0.14227563,0.30532166,0.35775505305278293,1.0
1044,36.6875,242.0625,-0.5776189,7.9493318,19.070616,9.608291,2.0144513,0.7496256,0.21096066,0.5934396,2.1486070037930656,1.0
1045,36.6875,242.1875,8.8568125,17.510029,28.637192,19.0615,0.68145776,0.16819367,0.10077305,0.19310874,0.503718271293058,1.0
1046,36.6875,242.3125,10.895177,19.672426,30.862928,21.125343,0.5888205,0.12572254,0.07625419,0.1567027,0.26401656679346847,1.0
1047,36.6875,242.4375,6.209341,14.832421,26.039566,16.398252,0.9954759,0.29420975,0.20361392,0.32193187,0.2966510928287157,1.0
1048,36.6875,242.5625,4.0186434,12.568227,23.777872,14.159764,1.0981879,0.28437442,0.19796151,0.31842175,0.3017353372849363,1.0
1049,36.6875,242.6875,10.145916,18.677143,29.925045,20.259882,0.39905497,0.113329254,0.07480832,0.13947758,0.27003921288676946,1.0
1050,36.6875,242.8125,14.011822,22.494991,33.74512,24.099932,0.1451398,0.08788499,0.083750956,0.09029567,0.3123544967109248,
1051,36.6875,242.9375,13.037728,21.456875,32.72626,23.100449,0.17906529,0.10072923,0.09314391,0.102162644,0.2728166819862095,
1052,36.6875,243.0625,10.238334,18.678755,29.959936,20.297499,0.3301655,0.19830948,0.14468023,0.16733189,0.2503766201980585,1.0
1053,36.6875,243.1875,7.069739,15.566404,26.853743,17.136415,0.47896352,0.2944201,0.21330607,0.26538613,0.2807112124550237,1.0
1054,36.8125,238.3125,11.05664,14.21078,18.002584,16.487478,2.5993426,1.1048926,0.05164493,0.7314726,12.122295597344074,
1055,36.8125,238.4375,9.949443,13.5206995,17.900652,15.876599,2.8207197,1.1294099,0.046055067,0.76484895,16.410268789811848,1.0
1056,36.8125,238.5625,9.42987,13.381425,18.248339,15.732437,2.2494292,0.94264597,0.04865474,0.7258341,15.718538267630736,1.0
1057,36.8125,238.6875,9.615187,13.831791,18.996807,16.187157,2.1843414,0.9246342,0.044918515,0.6705081,2.8722084269177754,1.0
1058,36.8125,238.8125,7.1261044,12.540689,19.419107,14.938342,2.2503314,0.8641447,0.045247335,0.5722868,8.843355149196972,1.0
1059,36.8125,238.9375,6.3319554,12.666156,20.274075,14.856961,1.8158617,0.74327415,0.03219176,0.48233032,6.5135589263487175,1.0
1060,36.8125,239.0625,6.781606,13.560921,21.856075,15.716315,1.417648,0.59472066,0.035224803,0.41529176,5.729293425926081,1.0
1061,36.8125,239.1875,8.89599,15.956153,24.692879,18.0805,1.2728854,0.45134753,0.034792632,0.4222129,1.2710671602269714,1.0
1062,36.8125,240.4375,9.761221,17.319319,27.217886,19.350565,1.9633179,0.9684994,0.075429544,0.5703322,10.380350889979223,1.0
1063,36.8125,240.5625,9.4041195,16.722065,26.754755,18.999964,2.6845813,1.3243837,0.095594585,0.7663685,9.016703754833362,1.0
1064,36.8125,240.6875,9.796728,16.241005,26.553291,19.176455,3.6801355,1.8483391,0.11403662,1.1584208,12.667126606767512,1.0
1065,36.8125,240.8125,8.591637,14.426347,24.920364,17.811747,5.28638,2.6317866,0.17152026,1.7454863,22.19061910130437,1.0
1066,36.8125,240.9375,7.192877,12.387055,23.016832,16.131306,6.186229,3.0710714,0.2546481,2.005361,43.265905015351045,1.0
1067,36.8125,241.0625,4.581218,8.996431,19.800636,13.124029,5.9934187,2.945191,0.2534772,1.952935,66.98291322227581,1.0
1068,36.8125,241.1875,2.4064593,7.232939,18.062607,11.1605215,6.0220313,2.8442013,0.27996448,1.836316,71.10215761449892,1.0
1069,36.8125,241.3125,-0.8163661,4.4065137,15.261477,8.138646,5.457799,2.518254,0.33565333,1.6149154,52.438818481762056,1.0
1070,36.8125,241.4375,-2.5703247,3.5983555,14.5743475,6.720304,4.920031,2.138681,0.34175453,1.4597539,42.00778122627127,2.0
1071,36.8125,241.5625,-6.724664,0.44276896,11.465253,2.9348664,5.8642845,2.1765141,0.473192,1.5961604,11.7042205497095,1.0
1072,36.8125,241.6875,-2.0952168,6.1410537,17.217361,7.943733,2.3349473,0.920336,0.2346296,0.71581876,4.525208133415888,1.0
1073,36.8125,241.8125,6.3530965,15.158038,26.261366,16.613365,0.87547684,0.23133734,0.13753186,0.25369877,0.4015663297176942,1.0
1074,36.8125,241.9375,3.2557101,12.015023,23.08794,13.452165,1.7969223,0.68615943,0.20705774,0.5620993,1.6647816219607918,1.0
1075,36.8125,242.0625,4.121157,12.957174,24.017115,14.318464,0.8713574,0.26440647,0.1087489,0.25713527,1.279213971771404,1.0
1076,36.8125,242.1875,10.780603,19.647625,30.747953,20.966995,0.5027064,0.122684985,0.07301975,0.14110045,0.23287583442464507,1.0
1077,36.8125,242.3125,7.5224175,16.383646,27.583363,17.74403,0.8556489,0.22190335,0.13896993,0.24967581,0.26773393021971476,1.0
1078,36.8125,242.4375,4.465498,13.169196,24.346334,14.59473,1.1449113,0.30235487,0.19422205,0.34183493,0.33585665155480643,1.0
1079,36.8125,242.5625,1.7259934,10.367528,21.563715,11.8290825,1.4731567,0.36711898,0.28301114,0.4511471,0.6191547485799002,1.0
1080,36.8125,242.6875,10.154071,18.717373,29.937067,20.240023,0.37839207,0.11520831,0.08276231,0.12866993,0.24401983902111263,1.0
1081,36.8125,242.8125,12.275349,20.765553,31.988855,22.32323,0.24237399,0.14155002,0.10163728,0.13323623,0.25137470985503874,
1082,36.8125,242.9375,6.3340926,14.712597,25.969303,16.339838,0.57607806,0.35508686,0.25466233,0.3114643,0.3550625463930526,1.0
1083,36.9375,238.3125,10.083974,13.614921,17.666672,15.701077,3.5582802,1.322017,0.053625636,0.8723124,31.006352101214173,2.0
1084,36.9375,238.4375,9.945915,14.425779,19.76901,16.61746,2.8419437,1.1651186,0.040240902,0.8079553,13.371919761237566,1.0
1085,36.9375,238.6875,8.948419,13.918005,19.845098,16.1849,2.4085414,0.91637194,0.060347307,0.6551432,9.63010242884832,1.0
1086,36.9375,238.8125,6.206095,12.5217705,19.825512,14.6511,2.1350422,0.7535682,0.036266156,0.64730847,14.234006150105497,1.0
1087,36.9375,238.9375,7.969306,15.010767,23.072855,17.025467,1.4010904,0.54224867,0.038348194,0.46083704,2.597290228349524,1.0
1088,36.9375,239.0625,8.681682,16.11773,24.607367,18.001232,1.2768152,0.50827134,0.034925476,0.43894365,0.9897066676998794,1.0
1089,36.9375,240.1875,9.62352,16.959682,26.844252,19.182852,1.7377386,0.9335586,0.06873056,0.59039104,9.173672247016198,1.0
1090,36.9375,240.3125,9.452579,16.558691,26.605762,19.035355,1.954302,1.0060498,0.0667832,0.6387819,11.409436703404255,1.0
1091,36.9375,240.4375,9.719103,16.590399,26.925142,19.254158,2.379324,1.1720874,0.087601565,0.72882754,11.528240053057466,1.0
1092,36.9375,240.5625,8.780865,15.511902,26.043575,18.329552,3.5796604,1.744478,0.10650551,1.142326,13.576241575635828,1.0
1093,36.9375,240.6875,9.172063,15.186166,25.758009,18.472666,3.8991082,1.9221197,0.12445937,1.2114162,19.773157671078035,1.0
1094,36.9375,240.8125,7.9957952,13.792532,24.467838,17.34285,4.470375,2.2529454,0.1702321,1.4318105,34.34867546272871,2.0
1095,36.9375,240.9375,3.2449265,9.419896,19.998468,12.823232,5.36292,2.696744,0.25471884,1.7378237,68.48447088646228,2.0
1096,36.9375,241.0625,0.06892443,5.370861,16.026665,9.130981,5.871481,2.8989685,0.25456226,2.0041075,89.69150184260364,2.0
1097,36.9375,241.1875,-1.179044,3.7440596,14.443495,7.6361313,5.969887,2.923254,0.23143484,1.9530462,73.87264835473373,2.0
1098,36.9375,241.3125,-3.4381459,2.377324,13.221091,5.74798,5.4042535,2.7328825,0.5489646,2.0610206,35.8772927166219,1.0
1099,36.9375,241.4375,-5.607181,0.8811556,11.753956,3.7881625,5.211565,2.562392,0.6520444,1.938531,20.995363545790948,1.0
1100,36.9375,241.5625,-7.6486835,-0.25677523,10.69404,1.9447485,5.005879,2.5414832,0.6030856,1.7974712,5.230439670718563,
1101,36.9375,241.6875,0.14191207,8.520031,19.552551,10.130871,1.5914898,0.6272274,0.23995242,0.5218892,4.365739018564248,1.0
1102,36.9375,241.8125,5.4640417,14.02667,25.070126,15.524726,1.1123998,0.38089564,0.16468848,0.34247476,0.647540136690607,1.0
1103,36.9375,241.9375,-2.0382626,6.5679116,17.606634,8.029182,2.1496124,0.96961063,0.2969518,0.80813974,5.403230208191313,1.0
1104,36.9375,242.0625,3.3178332,11.869752,22.931246,13.336839,0.8512331,0.24753225,0.16152371,0.2680385,1.7355906503167073,1.0
1105,36.9375,242.1875,5.593962,14.401625,25.53392,15.699327,0.75923026,0.2544505,0.18704014,0.26393625,0.2614364566064683,1.0
1106,36.9375,242.3125,4.388559,13.288865,24.472496,14.5123825,0.97359264,0.29841805,0.21117981,0.32445544,0.32740937008582205,1.0
1107,36.9375,242.4375,1.5758874,10.546472,21.799904,11.7783375,1.2904967,0.3683105,0.24882121,0.41087183,0.6666371856612721,1.0
1108,36.9375,242.5625,5.410644,14.180394,25.425726,15.555132,1.1079428,0.3130454,0.22582884,0.360363,0.43222956964450593,1.0
1109,36.9375,242.6875,9.34156,18.021902,29.259956,19.447197,0.43077633,0.16298276,0.119636245,0.17078377,0.2208292874359966,1.0
1110,36.9375,242.8125,3.3699098,11.888845,23.172718,13.413164,0.7442792,0.43808597,0.3710065,0.38819996,1.2523597207739714,1.0
1111,37.0625,237.8125,8.992246,12.650234,17.702938,14.824034,8.052833,2.4382193,0.13210772,1.9780242,87.59763687027828,2.0
1112,37.0625,237.9375,9.547129,13.380898,18.613518,15.576244,7.254395,2.34477,0.09370506,1.806197,130.3643035436329,2.0
1113,37.0625,238.0625,9.544108,13.132831,17.803965,15.246922,5.8221974,2.0280404,0.10427281,1.5690104,154.87002399988208,2.0
1114,37.0625,238.1875,8.059925,11.789962,16.330976,13.872831,5.983349,1.9964083,0.07854971,1.4729302,91.31175567930336,2.0
1115,37.0625,238.3125,9.73684,13.884527,19.50809,16.239475,4.2964163,1.4539802,0.044813566,0.9431261,40.198877913096,2.0
1116,37.0625,238.4375,10.163055,14.846059,20.9189,17.151718,3.0571947,1.1924616,0.049919736,0.7798743,10.760627720584154,
1117,37.0625,238.5625,8.333415,13.137656,19.161171,15.419231,3.1607177,1.1359354,0.049699835,0.84677786,22.94689910308691,2.0
1118,37.0625,238.6875,8.310018,14.200121,21.191826,16.36721,2.1766448,0.72140014,0.042048246,0.6779463,18.791377428523095,1.0
1119,37.0625,238.8125,7.889719,14.812916,22.750113,16.869858,1.8207715,0.62770075,0.043152343,0.61016965,6.24187494026643,1.0
1120,37.0625,238.9375,9.0001545,16.319778,24.578772,18.374205,1.4921738,0.67097104,0.04354364,0.4730336,1.3912344047930252,1.0
1121,37.0625,240.0625,9.26187,16.859863,26.399338,18.725489,1.7166095,0.91652423,0.05636888,0.5510234,6.164604271791244,1.0
1122,37.0625,240.1875,9.096465,16.254368,26.260859,18.646023,2.067816,1.0977157,0.06641471,0.6843059,12.110913538515435,1.0
1123,37.0625,240.3125,9.092858,15.914073,26.193747,18.650755,2.434678,1.2450309,0.07993603,0.80256283,12.371248567825152,1.0
1124,37.0625,240.4375,9.53752,15.781776,26.663094,18.926884,3.169888,1.5747179,0.083719574,1.0358169,15.572121673983036,1.0
1125,37.0625,240.5625,7.528144,13.502541,24.4337,16.791237,3.9662817,1.9680706,0.118189916,1.2287177,29.665218443467367,2.0
1126,37.0625,240.6875,5.2700987,10.538095,21.264091,14.1770115,4.3684196,2.2632754,0.15432741,1.2445858,60.96716727201221,2.0
1127,37.0625,240.8125,3.1669207,8.193383,18.788345,11.935285,5.0803905,2.6310818,0.26682106,1.489753,80.10377581995141,2.0
1128,37.0625,240.9375,-1.2113909,3.9131374,14.524137,7.687592,5.623398,2.7976582,0.25547153,1.9360957,82.6042747105791,2.0
1129,37.0625,241.0625,-1.7458692,3.2800918,13.92946,7.1166997,5.794649,2.9006772,0.2402469,2.0289989,72.78286837881747,2.0
1130,37.0625,241.1875,-4.990314,-0.004453685,10.624349,3.7829401,5.8129754,3.1427672,0.5631614,2.512061,29.416182205606827,1.0
1131,37.0625,241.3125,-7.1274247,-1.3011324,9.394707,1.8346138,5.0349145,2.7409701,0.76454246,2.246522,3.278976029034777,
1132,37.0625,241.4375,-6.537471,0.63525563,11.529596,2.9888213,4.8222413,2.5459836,0.719543,2.039736,6.465075944433054,1.0
1133,37.0625,241.5625,-8.098504,0.039746977,10.961464,1.6887637,3.9181173,2.039519,0.73518926,1.7084159,4.344125028247943,1.0
1134,37.0625,241.6875,2.8160412,11.085775,22.07624,12.644809,1.023478,0.2910415,0.16128005,0.25998098,1.7595592065881354,1.0
1135,37.0625,241.8125,3.6665192,12.207671,23.260853,13.613654,1.494554,0.6579658,0.24431562,0.5474022,1.0692935136319548,1.0
1136,37.0625,241.9375,-2.7570357,5.8211994,16.8863,7.2098,1.9321214,1.0222286,0.38917336,0.845799,5.518725175953248,1.0
1137,37.0625,242.0625,0.89104265,9.576795,20.683342,10.898145,0.70935726,0.40688103,0.3536031,0.3292463,1.7899511785047846,1.0
1138,37.0625,242.1875,2.8881874,11.668122,22.832218,12.948056,0.6966487,0.34363657,0.27236146,0.3079405,0.3648541850479013,1.0
1139,37.0625,242.3125,3.368699,12.347251,23.603563,13.536368,0.76472956,0.26938275,0.19404575,0.2817561,0.299088414614396,1.0
1140,37.0625,242.4375,4.084977,13.049547,24.394773,14.310115,0.79117066,0.2862383,0.21013692,0.29241636,0.3637357259662351,1.0
1141,37.0625,242.5625,7.2190604,16.228064,27.665234,17.476381,0.5527968,0.2146506,0.14109595,0.20440479,0.2355297086298434,1.0
1142,37.0625,242.6875,5.0978484,13.987866,25.40381,15.309671,0.49349132,0.33264714,0.2435687,0.2801681,0.2617278805908302,1.0
1143,37.1875,237.6875,9.706465,12.681078,17.193617,14.848882,6.0723057,2.0939653,0.1171125,1.5290874,127.80476234646008,2.0
1144,37.1875,237.8125,8.356954,11.891481,16.881702,14.059485,6.822226,2.3023076,0.122599095,1.6630149,182.95809933882478,2.0
1145,37.1875,237.9375,8.180342,12.540219,18.218853,14.614991,6.279228,2.2360554,0.08699143,1.6334336,146.86678375322515,2.0
1146,37.1875,238.0625,8.57813,13.157724,19.103773,15.239764,5.51887,2.0734904,0.081070185,1.4442799,84.32952546942944,2.0
1147,37.1875,238.1875,10.208818,14.595097,21.263355,17.072401,4.47637,1.65378,0.06952594,1.1020898,48.87166875699174,2.0
1148,37.1875,238.3125,11.402907,15.658134,23.458742,18.723309,3.7470539,1.3229337,0.03609483,0.7790316,10.987690452641738,1.0
1149,37.1875,238.4375,9.200929,13.266239,20.912292,16.407946,3.484335,1.2366261,0.06686735,0.8414429,26.073432926140597,2.0
1150,37.1875,238.5625,8.441753,13.195306,21.100718,16.19543,3.0667598,1.108046,0.063153416,0.81157196,12.272039540179724,1.0
1151,37.1875,238.6875,8.349515,14.313966,22.52205,16.78979,2.2856097,0.82465833,0.046510004,0.7412884,13.507322397892125,1.0
1152,37.1875,238.8125,7.8027434,15.040329,23.377117,16.944582,1.9069985,0.70277214,0.044037532,0.64020616,8.773877976281314,1.0
1153,37.1875,239.9375,9.324784,16.540653,25.978008,18.550539,1.8748535,0.9455272,0.05117848,0.5532365,12.4893746961879,1.0
1154,37.1875,240.0625,9.185946,16.174355,26.0466,18.518167,2.219296,1.138272,0.06627145,0.67938995,13.019936851469954,1.0
1155,37.1875,240.1875,8.93291,15.438821,25.82823,18.31486,2.8789728,1.4584953,0.07466041,0.94097424,14.002418709010175,1.0
1156,37.1875,240.3125,8.508339,14.527855,25.155691,17.752485,3.397787,1.715445,0.087427035,1.1268352,17.27248799759956,2.0
1157,37.1875,240.4375,8.528702,14.117189,24.859118,17.546112,3.974585,1.9835694,0.10864431,1.2786938,21.30571231993104,2.0
1158,37.1875,240.5625,7.2683563,12.530111,23.245855,16.087093,4.2287517,2.1459255,0.120964885,1.2824141,40.93238780703887,2.0
1159,37.1875,240.6875,6.1763015,10.394689,20.884005,14.3586235,4.7495546,2.4827967,0.23471117,1.261064,58.21353677866891,2.0
1160,37.1875,240.8125,1.3771467,5.142434,15.464021,9.234121,5.8891096,2.965004,0.30127332,1.9857972,99.16141822369383,2.0
1161,37.1875,240.9375,-2.5444746,1.7124116,12.156506,5.6905193,6.0904346,3.0949183,0.40050924,2.2243776,69.69726961640302,2.0
1162,37.1875,241.0625,-2.9569962,1.5597225,12.108854,5.5226507,5.718743,3.0561097,0.40497822,2.2600417,65.37539684342045,2.0
1163,37.1875,241.1875,-5.2587843,0.19136697,10.864104,3.540516,5.9921093,3.059641,0.7667348,2.572536,16.66841830282282,1.0
1164,37.1875,241.3125,-8.138805,-2.0170221,8.7269535,0.8704142,5.4820743,2.885341,0.9398224,2.3880076,4.671255795913491,
1165,37.1875,241.4375,-7.2388268,0.22825545,11.199038,2.296546,3.9610279,2.1506667,0.82751685,1.8159962,10.90190495182531,1.0
1166,37.1875,241.5625,-4.5529566,3.532036,14.4846525,5.0843124,2.1798532,1.0568632,0.43057653,0.9072458,9.154969793821616,1.0
1167,37.1875,241.6875,4.64107,12.946019,23.899797,14.341414,0.7691749,0.25939253,0.15378357,0.23265623,0.7798661183968756,1.0
1168,37.1875,241.8125,2.774731,11.249603,22.264612,12.581616,0.97458494,0.4576076,0.34822232,0.3612532,0.7841047216652925,1.0
1169,37.1875,241.9375,-1.3442755,7.3026204,18.400524,8.586884,1.114079,0.7012972,0.50371003,0.5423219,2.3871465449447022,1.0
1170,37.1875,242.0625,1.097552,9.842937,20.980371,11.087185,0.6256537,0.42910832,0.35999927,0.3405775,0.4550522229644421,1.0
1171,37.1875,242.1875,3.316879,12.219021,23.446217,13.401753,0.44381782,0.20598498,0.13761333,0.17142804,0.2670543055716788,
1172,37.1875,242.3125,2.899673,12.035539,23.33363,13.111522,0.5052185,0.3139731,0.2790333,0.2708395,0.3029126240786571,1.0
1173,37.1875,242.4375,5.3451004,14.497723,26.03501,15.709656,0.46766365,0.21517952,0.17249255,0.20051289,0.2782917244776155,1.0
1174,37.3125,237.6875,9.846468,12.054287,15.817475,14.241306,5.221437,1.9542266,0.16123457,1.3670306,68.58077809920582,2.0
1175,37.3125,237.8125,8.035762,11.927864,16.862299,13.837173,5.46759,2.0977206,0.11504836,1.3193772,126.25340667551663,2.0
1176,37.3125,238.3125,11.022373,14.566009,24.583395,18.86317,4.230245,1.5587137,0.08522016,1.0910445,23.79658425149631,2.0
1177,37.3125,238.4375,8.856436,12.5492525,22.163582,16.622972,3.224628,1.2638175,0.07732687,0.9399104,21.801877579258598,1.0
1178,37.3125,238.5625,8.252793,12.914122,21.785034,16.205427,2.8194373,1.1419247,0.07455612,0.82187647,12.45730992992335,1.0
1179,37.3125,238.6875,8.196947,14.246848,22.991209,16.821533,2.211747,0.8947205,0.06606803,0.67004406,9.443587324580076,1.0
1180,37.3125,238.8125,8.365734,15.765542,24.279755,17.474209,1.6865945,0.6997392,0.0329587,0.5269643,3.2447968447742777,1.0
1181,37.3125,239.8125,9.467726,16.502947,25.75623,18.500399,2.0546305,0.9898702,0.060341153,0.5414347,14.420029591394316,1.0
1182,37.3125,239.9375,9.016691,15.704012,25.380232,18.059622,2.4678533,1.2192924,0.055273253,0.7286638,13.16728343228322,1.0
1183,37.3125,240.0625,9.216557,15.313477,25.430302,18.179775,2.6559079,1.3402455,0.05774237,0.81756485,15.03183051543705,1.0
1184,37.3125,240.1875,9.276321,14.933707,25.445103,18.223763,3.3676882,1.724247,0.066358,1.0971133,17.0924001053957,2.0
1185,37.3125,240.3125,7.7038527,13.056571,23.63757,16.48235,4.5192056,2.288644,0.124996796,1.5015211,23.445825034278837,2.0
1186,37.3125,240.4375,6.022951,11.113835,21.767572,14.71687,4.9673767,2.5142536,0.18982638,1.4613808,62.28961235923624,2.0
1187,37.3125,240.5625,2.3839684,7.248284,17.875877,10.942277,5.1130085,2.669298,0.23794161,1.5724032,90.69443840222569,2.0
1188,37.3125,240.6875,5.335904,9.507685,19.963287,13.440166,4.9967446,2.5794675,0.22921875,1.4976895,60.489116121505994,1.0
1189,37.3125,240.8125,0.27223933,4.0895853,14.4375305,8.151923,5.971788,3.055126,0.3362979,2.0184605,84.38384032186201,2.0
1190,37.3125,240.9375,-0.67602503,3.4973195,13.944173,7.4868455,5.79155,2.9700012,0.35458297,2.0319927,62.778597680644275,2.0
1191,37.3125,241.0625,-2.329623,2.64452,13.20245,6.219868,5.613903,2.7433956,0.7278325,2.074727,38.82430562834906,2.0
1192,37.3125,241.1875,-6.7512875,-1.1459793,9.578726,2.0725918,5.430728,2.537098,1.0858223,2.1452317,7.808618503065854,1.0
1193,37.3125,241.3125,-6.8132186,-0.44174537,10.447236,2.3145144,4.4993496,2.2697814,0.76226145,1.833256,4.749168555708358,1.0
1194,37.3125,241.4375,-0.09424958,7.337922,18.244345,9.283437,1.7105192,0.77599347,0.36965135,0.67586166,6.825521466154803,1.0
1195,37.3125,241.5625,1.893123,10.133291,20.97084,11.432161,1.1102972,0.4914161,0.2547984,0.41495195,2.5221333231708427,1.0
1196,37.3125,241.6875,4.811166,13.184197,24.010454,14.368086,0.68211067,0.33576918,0.26372075,0.27382755,0.3695145642513949,1.0
1197,37.3125,241.8125,-1.4654912,6.7357035,17.736603,8.204444,0.72299045,0.6219284,0.6447505,0.49492675,4.295681858356106,1.0
1198,37.3125,241.9375,1.5068849,10.257574,21.414019,11.4975,0.5596457,0.44927916,0.42055172,0.32526606,0.6519045590946593,1.0
1199,37.3125,242.0625,2.3108613,11.346747,22.546434,12.434592,0.4290831,0.3012303,0.2722556,0.2427408,0.4576574591623887,1.0
1200,37.3125,242.1875,2.851104,11.849552,23.120684,12.985416,0.471645,0.29543185,0.26503846,0.22350886,0.3004396701039138,1.0
1201,37.3125,242.3125,0.629447,9.650359,21.07813,10.853174,0.5731822,0.46153697,0.48445562,0.35213214,1.9352053162547933,1.0
1202,37.4375,237.6875,8.9239025,12.882862,17.7638,14.792366,5.676155,1.9805295,0.11870593,1.4067136,85.90511450138798,2.0
1203,37.4375,238.1875,9.770373,14.167765,20.614082,16.693943,3.5047798,1.3201396,0.06531625,0.9011277,18.374290574317076,1.0
1204,37.4375,238.3125,8.074474,12.136017,20.558311,15.593839,3.5028834,1.364392,0.09480765,0.9899466,23.787156586146764,1.0
1205,37.4375,238.4375,8.074676,12.473299,21.49931,16.010098,2.949545,1.2161999,0.078414045,0.8551963,17.795440236447078,1.0
1206,37.4375,238.5625,7.1435328,12.508238,21.482817,15.535558,2.7457178,1.1567923,0.08260038,0.8199099,15.908505027159384,1.0
1207,37.4375,238.6875,7.735445,14.140795,22.819403,16.415977,2.1021547,0.8903472,0.0680181,0.6304815,5.789388409555659,1.0
1208,37.4375,238.8125,8.544458,15.895954,24.073126,17.421299,1.6325411,0.6855391,0.043615207,0.47471485,1.885589627028879,1.0
1209,37.4375,239.5625,9.186396,16.555788,25.334963,18.190355,2.0656893,1.0006552,0.064626105,0.5983636,13.683450477268524,1.0
1210,37.4375,239.6875,9.273963,16.30915,25.414669,18.238104,2.1666055,1.0524505,0.0636423,0.6094373,13.901886994424851,1.0
1211,37.4375,239.8125,9.009964,15.606878,25.08538,17.893387,2.5407465,1.2555282,0.07643205,0.7428182,13.426618895167175,1.0
1212,37.4375,239.9375,8.092165,14.306038,24.27452,17.005602,3.27367,1.6489217,0.08347386,1.0276355,17.859795617735145,1.0
1213,37.4375,240.0625,8.057766,13.846432,24.132166,16.925184,3.4820404,1.7826333,0.07911378,1.1579267,21.15508539008735,2.0
1214,37.4375,240.1875,8.033466,13.326625,23.718142,16.6507,4.1296077,2.1109078,0.09692704,1.3870014,31.007516288736536,2.0
1215,37.4375,240.3125,5.7745,10.589787,20.957151,14.084883,5.0696063,2.567615,0.16688833,1.5780687,84.11203896312064,2.0
1216,37.4375,240.4375,2.3902674,7.1123466,17.468325,10.663299,5.63872,2.8753004,0.26273397,1.6932989,113.5766682615045,2.0
1217,37.4375,240.5625,0.64641374,5.3731894,15.779465,8.996763,5.365638,2.7544036,0.26327154,1.6924216,79.28605381772397,2.0
1218,37.4375,240.6875,3.1991062,7.654446,18.116503,11.457244,5.111957,2.6311078,0.24139228,1.5726885,60.80637526199087,2.0
1219,37.4375,240.8125,2.564132,6.79447,17.246471,10.701592,5.575546,2.8591301,0.23777999,1.7735757,69.95965194654892,2.0
1220,37.4375,240.9375,-1.8228087,2.4091272,12.890607,6.3662057,5.617928,2.6811793,0.5608239,1.9782828,67.48282558011537,2.0
1221,37.4375,241.0625,-3.808283,1.489684,12.112844,4.8455195,5.760413,2.5224385,0.7426139,2.109774,35.50864582036322,1.0
1222,37.4375,241.1875,-6.606691,-0.8815923,9.920314,2.2948673,5.80186,2.655965,1.2352533,2.2674959,8.87471002933402,1.0
1223,37.4375,241.3125,-4.049065,2.460598,13.367384,5.0654144,2.5334957,1.1649363,0.54875684,1.0063839,9.754135610119311,1.0
1224,37.4375,241.4375,4.4570274,11.855888,22.79082,13.834363,0.8052484,0.31719348,0.24312536,0.26277667,0.5100952000925164,1.0
1225,37.4375,241.5625,4.8096366,12.806813,23.659729,14.280142,0.62359685,0.25467187,0.18022583,0.23200603,0.502951380488561,1.0
1226,37.4375,241.6875,3.4237614,11.357475,22.23918,12.879258,0.7776424,0.43681327,0.36161795,0.36697444,0.7493743541447542,1.0
1227,37.4375,241.8125,-4.798513,2.5859356,13.636062,4.6151047,1.4546045,0.94772094,0.62182593,0.740538,5.585850372821773,1.0
1228,37.4375,241.9375,-2.2290878,5.9994297,17.152948,7.5852847,0.88730264,0.5941887,0.4936952,0.4533394,5.623233244098254,1.0
1229,37.4375,242.0625,1.509304,10.359624,21.571964,11.575232,0.60051125,0.41490692,0.40917122,0.31537825,0.5806786497418973,1.0
1230,37.4375,242.1875,1.2609957,10.270251,21.587912,11.42478,0.5989195,0.4413514,0.43126622,0.33922818,0.7719629949875536,1.0
1231,37.5625,237.5625,10.070627,12.840456,16.342281,15.137084,4.0999875,1.6430695,0.1033569,0.99410784,37.61049220372527,2.0
1232,37.5625,238.0625,9.826694,14.389339,19.650858,16.533176,2.9473467,1.1593441,0.061338637,0.7414606,19.05433181267294,
1233,37.5625,238.1875,9.008643,13.911421,20.400326,16.365484,2.798464,1.0983295,0.06238912,0.75574017,16.413225167579306,1.0
1234,37.5625,238.3125,7.0457263,12.590966,20.50593,15.236556,2.5564327,1.0847783,0.070428774,0.7555858,19.872015937850247,1.0
1235,37.5625,238.4375,6.2923756,12.216046,20.324867,14.706696,2.7496169,1.1817822,0.07026334,0.8237706,13.679748017966837,1.0
1236,37.5625,238.5625,7.4418736,13.832445,21.900732,16.037708,2.257567,0.9409594,0.06891869,0.66369873,5.924365788062056,1.0
1237,37.5625,238.6875,8.204951,15.442934,23.296032,17.046192,1.6119268,0.70391023,0.05847022,0.44029638,2.111372168055592,1.0
1238,37.5625,239.5625,9.364247,16.30829,25.232244,18.173197,2.3075867,1.1695286,0.09102997,0.69469017,11.350199604608365,1.0
1239,37.5625,239.6875,9.33146,15.8989315,25.243122,18.116867,2.7557976,1.4474599,0.08667704,0.86442405,11.946820199054795,1.0
1240,37.5625,239.8125,8.279838,14.351405,24.1167,16.954208,3.504523,1.7520671,0.10206569,1.1489589,14.286770142647615,1.0
1241,37.5625,239.9375,7.7420835,13.4018135,23.585075,16.422384,4.034257,2.0598335,0.07776532,1.4271773,18.68157077226717,1.0
1242,37.5625,240.0625,6.9570293,12.509588,22.77632,15.626122,4.6648397,2.3194883,0.09638008,1.592873,46.92050980925434,2.0
1243,37.5625,240.1875,5.6233087,10.946963,21.193663,14.164931,5.568669,2.7105634,0.1807001,1.7492299,76.50301173676893,2.0
1244,37.5625,240.3125,3.4652205,8.413937,18.694439,11.80087,5.984026,2.9424582,0.27700466,1.944738,109.91576118022928,2.0
1245,37.5625,240.4375,-0.7499675,4.3007116,14.573283,7.653744,6.928224,3.3464034,0.39723802,2.3057075,94.6865262434424,2.0
1246,37.5625,240.5625,-3.2001538,2.0301569,12.318951,5.3413143,7.0863423,3.4088738,0.5742559,2.4697216,57.99622895123632,2.0
1247,37.5625,240.6875,-2.615005,2.5634737,12.85338,5.928948,5.567608,2.740369,0.6740145,2.0937226,65.37593724534088,2.0
1248,37.5625,240.8125,-0.38249004,4.67619,15.021342,8.140915,5.162942,2.604737,0.51152396,1.7680814,72.67238781888437,2.0
1249,37.5625,240.9375,-1.6502415,3.547574,14.046403,7.073982,5.558648,2.7180595,0.81949,2.1371937,59.61090691122867,2.0
1250,37.5625,241.0625,-4.923893,1.1347904,11.772497,4.1372814,6.3176503,2.9372616,1.2863474,2.4607697,21.130731777282087,1.0
1251,37.5625,241.1875,-3.2876778,2.7699068,13.602526,5.7426147,3.8272033,1.7885894,0.80717474,1.5412506,10.898283153369086,1.0
1252,37.5625,241.3125,-1.0393627,5.8067904,16.76242,8.275448,2.0819075,0.9733901,0.49054298,0.8531069,9.66868364472789,1.0
1253,37.5625,241.4375,1.3405193,8.621041,19.647282,10.780548,1.1000272,0.4609442,0.35967246,0.40831053,2.3694370454490237,1.0
1254,37.5625,241.5625,4.48148,11.753658,22.811821,13.91309,0.70396453,0.2657306,0.20988286,0.23745422,0.4128811123769319,1.0
1255,37.5625,241.6875,0.42798668,7.312341,18.457836,9.800208,0.93859136,0.6633462,0.54851896,0.47636822,2.520247808572654,1.0
1256,37.5625,241.8125,-8.239306,-1.3535407,9.813886,1.1734582,1.0748806,0.87187445,0.7203101,0.5634508,8.591987079797105,1.0
1257,37.5625,241.9375,-0.8684335,7.100143,18.23947,8.856276,0.55126536,0.47933102,0.5265864,0.38854223,4.227461765793677,1.0
1258,37.6875,238.0625,9.670015,14.323633,21.171494,17.145622,3.5227292,1.4097267,0.07842416,0.8281482,28.82795816097852,
1259,37.6875,238.1875,9.632624,15.018832,22.282637,17.591625,2.553111,1.0514071,0.06153119,0.6859731,3.18553829878932,1.0
1260,37.6875,238.3125,8.757597,14.570629,22.06718,16.99456,2.2194176,0.9120865,0.058629602,0.58632654,3.5731937895148476,1.0
1261,37.6875,238.4375,8.031105,14.869527,22.581427,16.760729,1.686254,0.723486,0.06153835,0.48167732,1.782671463100467,1.0
1262,37.6875,239.4375,9.3240595,16.235413,25.211674,18.2306,2.1834996,1.1019864,0.08318311,0.68845624,12.087439736649586,1.0
1263,37.6875,239.5625,9.12805,15.673357,24.997776,17.926178,2.791169,1.469606,0.084553555,0.93270576,10.812595743744302,1.0
1264,37.6875,239.6875,8.785717,14.839094,24.615116,17.472673,3.3005815,1.7199292,0.103754535,1.1329086,14.715697774680155,1.0
1265,37.6875,239.8125,8.052417,13.5169325,23.590187,16.53127,4.39023,2.168746,0.1284229,1.2953745,25.801939026337998,1.0
1266,37.6875,239.9375,7.382749,12.772405,22.878923,15.847963,4.4729514,2.2100081,0.09840076,1.3317617,35.82096252716434,1.0
1267,37.6875,240.0625,6.6472483,12.258778,22.440928,15.341991,4.953656,2.3965673,0.11156453,1.4288559,37.79450787271712,2.0
1268,37.6875,240.1875,5.137115,10.9620495,21.1569,13.965687,5.525733,2.6410668,0.15334591,1.6065326,56.90251763911764,2.0
1269,37.6875,240.3125,1.5696477,7.8386216,18.053505,10.657148,6.011688,2.858646,0.37798533,1.9493172,92.86228985460872,2.0
1270,37.6875,240.4375,-0.9474194,5.670428,15.889742,8.336809,6.3282037,3.0415642,0.47678125,2.2416108,76.73262829527776,2.0
1271,37.6875,240.5625,-4.322168,2.1616204,12.406671,4.913397,6.296286,2.9539824,0.87847143,2.4067085,40.00167182551976,1.0
1272,37.6875,240.6875,-6.715931,-0.2567334,10.061822,2.5671113,5.5949655,2.5737083,1.0825827,2.3059678,12.900420978485528,1.0
1273,37.6875,240.8125,-5.973627,0.23584637,10.66304,3.2073584,5.5343986,2.6218174,1.0759996,2.2621484,14.875642109539188,1.0
1274,37.6875,240.9375,-3.7677567,2.4677594,12.972691,5.488906,3.9940019,1.7982228,0.7188769,1.5500741,59.945313167522244,2.0
1275,37.6875,241.0625,-0.9276191,5.360073,15.923443,8.371886,2.6850176,1.2002912,0.47869378,0.9894185,37.05961351322921,2.0
1276,37.6875,241.1875,0.42698464,7.158285,18.001963,9.841867,2.20197,1.0134209,0.5201595,0.87173134,4.016039876003207,1.0
1277,37.6875,241.3125,-0.8106449,6.2746983,17.318848,8.701681,2.307199,1.0423476,0.5338821,0.9737346,3.3934769767354522,1.0
1278,37.6875,241.4375,-0.24130774,7.033012,18.125797,9.304896,1.4460309,0.66308135,0.47409627,0.6023157,4.127611322876837,1.0
1279,37.6875,241.5625,3.4490547,10.848389,21.98368,13.017536,0.76445395,0.31210327,0.2730413,0.2517141,0.4001561401139187,1.0
1280,37.6875,241.6875,-3.6546922,3.7977314,14.975959,5.9338703,1.1411093,0.92002285,0.65910697,0.5516178,4.96143531520619,1.0
1281,37.6875,241.8125,-12.638971,-4.4283924,6.708437,-2.8309622,0.66083276,0.60572654,0.5337686,0.41737315,10.566639067128275,2.0
1282,37.8125,237.9375,9.467907,13.951875,20.298975,16.606869,4.230418,1.6477587,0.08606353,0.9342623,30.1696139917272,2.0
1283,37.8125,238.0625,11.04127,15.178858,23.392195,18.859934,3.3715801,1.3426136,0.068290316,0.89710647,18.486442072920845,
1284,37.8125,238.1875,9.39047,14.571508,22.710981,17.663567,2.9273949,1.1818559,0.07458242,0.76794726,15.678114729120894,1.0
1285,37.8125,238.3125,9.180768,15.539691,23.401667,17.861797,2.1826558,0.90167165,0.066448145,0.58749354,2.4741148717037262,1.0
1286,37.8125,239.3125,9.15688,15.979424,25.145794,18.174889,2.265653,1.1872734,0.08509743,0.66292614,11.615763875282598,1.0
1287,37.8125,239.4375,8.664033,15.262398,24.69317,17.6473,3.2595634,1.5830407,0.096784025,1.0100976,11.518281527186451,1.0
1288,37.8125,239.5625,8.65622,14.898086,24.694242,17.543663,3.7890103,1.9250817,0.10060496,1.2561092,12.317749852561821,1.0
1289,37.8125,239.6875,8.266674,14.04569,24.158176,16.998312,4.463025,2.2492275,0.13720316,1.3487358,21.82899396312009,1.0
1290,37.8125,239.8125,6.376061,11.876726,22.001808,14.905062,5.463782,2.6664438,0.17305896,1.4777454,50.6411739733735,2.0
1291,37.8125,239.9375,6.807714,12.22573,22.410006,15.324711,5.308263,2.6023018,0.1395544,1.4540219,36.518893579056225,1.0
1292,37.8125,240.0625,4.792468,10.409499,20.787537,13.626427,6.7589335,3.0756786,0.14613348,1.7107567,64.78842349598682,1.0
1293,37.8125,240.1875,2.2047215,8.130437,18.443804,11.265842,6.4304905,2.9271903,0.13113561,1.7082648,95.99228863471211,2.0
1294,37.8125,240.3125,-1.929525,4.5257735,14.779804,7.354159,6.693657,3.1541605,0.3865751,2.225638,85.57208802889052,2.0
1295,37.8125,240.4375,-2.680305,4.1989107,14.425467,6.756574,6.733583,3.2274861,0.56545514,2.432188,70.78441791968636,2.0
1296,37.8125,240.5625,-4.8146486,1.9790837,12.255455,4.626246,6.100356,2.8175635,0.84104544,2.378576,32.99415865871953,1.0
1297,37.8125,240.6875,-7.012856,-0.0899735,10.312164,2.5681407,5.668507,2.52277,1.1683317,2.3665817,24.8619161894698,1.0
1298,37.8125,240.8125,-7.449064,-0.0977643,10.431105,2.3775024,4.216094,1.9800634,0.8524755,1.7304311,12.869390987770496,1.0
1299,37.8125,240.9375,-2.4404044,4.955945,15.5382805,7.4341965,1.8769403,0.82264906,0.3787499,0.7267356,25.386973326315186,1.0
1300,37.8125,241.0625,-2.4899452,4.844821,15.513324,7.3574243,2.1381657,0.90805846,0.42270747,0.80780816,28.247476472140626,2.0
1301,37.8125,241.1875,-2.8575528,4.30763,15.141898,6.8256526,3.3136399,1.4662546,0.68721753,1.295094,17.099482938314956,1.0
1302,37.8125,241.3125,-2.5029936,4.6915736,15.670508,7.1523147,3.349553,1.5947107,0.73923206,1.4078798,12.805676257225915,1.0
1303,37.8125,241.4375,0.33299863,7.6702156,18.727116,9.877075,0.9082664,0.5967854,0.37555063,0.4266031,2.966927217109874,1.0
1304,37.8125,241.5625,0.5109619,8.196488,19.33384,10.18058,0.9492584,0.6832977,0.4755663,0.45158657,3.58779212817163,1.0
1305,37.8125,241.6875,-8.622337,-0.6565116,10.566881,1.1027992,1.4218578,1.1049123,0.70845354,0.6908261,5.384127410417684,1.0
1306,37.9375,237.3125,9.184766,13.482101,18.162954,15.505477,5.937462,2.2571378,0.114870235,1.6731917,69.36479849621941,2.0
1307,37.9375,237.4375,9.058639,13.840683,19.17871,15.69264,5.5436373,2.0621176,0.13424239,1.4937979,53.14478960563615,
1308,37.9375,237.8125,9.391482,14.000879,19.075275,16.115324,4.006132,1.5953594,0.084535,0.91451836,29.896676136492022,2.0
1309,37.9375,238.0625,10.120593,14.869317,22.800564,18.035912,3.297551,1.3662219,0.06754394,0.8670579,14.79183760332514,1.0
1310,37.9375,238.1875,9.390249,15.436518,23.090357,17.867308,2.709228,1.1110069,0.072189786,0.7294105,10.192538872375279,1.0
1311,37.9375,239.0625,9.230734,16.344088,24.97632,18.336357,1.8143234,1.15798,0.05015508,0.4342945,6.678669243980288,1.0
1312,37.9375,239.1875,9.307492,16.153585,25.336538,18.486916,1.9509053,1.2158586,0.05010444,0.54986227,10.658322992594986,1.0
1313,37.9375,239.3125,8.3293495,14.929951,24.449022,17.431408,3.3862913,1.7234129,0.079776734,0.9837577,12.432824042004903,1.0
1314,37.9375,239.4375,8.617074,14.930552,24.83737,17.682734,3.9014919,1.9066231,0.09307584,1.2811193,13.489044548722292,1.0
1315,37.9375,239.5625,8.468189,14.487818,24.719273,17.395214,4.1562686,2.1325517,0.11648604,1.3534199,18.159611403444803,1.0
1316,37.9375,239.6875,7.5405307,13.365353,23.681137,16.347784,4.7109184,2.3671808,0.17105201,1.4114333,24.020849485730324,1.0
1317,37.9375,239.8125,6.705939,12.27752,22.668228,15.447922,5.5420666,2.7326965,0.20609397,1.5424312,45.027485415654674,2.0
1318,37.9375,239.9375,5.2456465,10.673756,21.30399,14.099124,5.9102116,2.9099236,0.23068407,1.6426407,59.21546788648708,1.0
1319,37.9375,240.0625,5.2092867,10.586757,21.549116,14.243229,5.94844,2.9431875,0.21794903,1.7063231,42.37125877839985,1.0
1320,37.9375,240.1875,2.7719278,8.688058,18.83624,11.886266,6.1989975,2.9831204,0.25540444,1.765529,50.32272343203205,1.0
1321,37.9375,240.3125,0.20786905,6.2456927,16.419735,9.364936,6.605765,3.134145,0.49628562,2.2174158,65.5407331524858,2.0
1322,37.9375,240.4375,-2.2686234,4.224927,14.556227,7.119406,6.5406914,3.0488045,0.6953188,2.459428,51.58214154262371,2.0
1323,37.9375,240.5625,-4.4826956,2.6140804,12.933574,5.171428,5.6977167,2.6188765,0.79720545,2.3193855,39.940523809745464,1.0
1324,37.9375,240.6875,-6.8824143,0.58261955,11.101939,3.017537,4.8799376,2.2069874,0.99719113,2.0781727,31.206622030842663,1.0
1325,37.9375,240.8125,-5.5370674,2.0854917,12.771372,4.567479,3.4244347,1.5357472,0.70431477,1.4430603,17.76941263687656,1.0
1326,37.9375,240.9375,0.024547476,7.612131,18.29617,10.085987,1.5571657,0.6607241,0.35979643,0.62385696,2.3234654863144604,1.0
1327,37.9375,241.0625,-0.53733814,6.933636,17.576237,9.33263,2.2016172,0.9162141,0.48559117,0.85344666,3.785932358692369,1.0
1328,37.9375,241.1875,-2.120557,5.2827425,15.987167,7.6302714,2.2875946,0.96321774,0.5935972,0.90706235,1.4342283565024945,1.0
1329,37.9375,241.3125,-0.047342725,7.267547,18.089733,9.63768,1.0444052,0.6499015,0.39690417,0.44763386,0.9388249272809364,1.0
1330,37.9375,241.4375,-0.22116175,7.3538203,18.486664,9.491055,0.9470378,0.6676668,0.38296735,0.44969067,2.950893971536285,1.0
1331,38.0625,237.0625,9.911795,14.47076,19.839598,16.635435,5.5495424,1.900517,0.085271,1.388604,11.381353779106135,1.0
1332,38.0625,237.1875,9.590434,14.188786,19.628725,16.362896,4.714726,1.6331732,0.08245815,1.1764696,51.48345378943265,1.0
1333,38.0625,237.3125,9.3990755,13.913077,19.03738,16.03936,5.563754,1.983406,0.09750921,1.4667642,57.99156841009497,1.0
1334,38.0625,239.0625,9.422829,16.298529,24.978863,18.49535,2.177733,1.2950819,0.06929821,0.5398208,10.939375017379076,1.0
1335,38.0625,239.1875,8.990756,15.529687,24.990522,18.140955,3.4170763,1.8283591,0.11648938,0.94503003,13.453179056569333,1.0
1336,38.0625,239.3125,7.7751184,14.115377,23.83061,16.874292,4.811347,2.3573892,0.124528706,1.2976832,15.688102865066057,1.0
1337,38.0625,239.4375,8.271581,14.261372,24.27834,17.166334,4.515836,2.2659636,0.10774852,1.387143,18.439134206869976,1.0
1338,38.0625,239.5625,7.8780594,13.771149,23.974009,16.725397,4.849946,2.461562,0.16936073,1.4864588,25.963921283135992,1.0
1339,38.0625,239.6875,6.319021,11.958882,22.321394,15.053889,5.8403645,2.8585143,0.24286702,1.6587039,61.954325014412845,2.0
1340,38.0625,239.8125,4.659216,10.062548,20.545149,13.356949,6.568574,3.2053323,0.29918328,1.8116418,89.85356929171677,2.0
1341,38.0625,239.9375,2.943711,8.358147,19.05957,11.854505,6.6586413,3.21935,0.3108704,1.921246,112.02536040482453,2.0
1342,38.0625,240.0625,1.4594396,6.90518,17.670324,10.443664,6.940964,3.2945685,0.31867728,2.0382707,90.69448589029145,2.0
1343,38.0625,240.1875,-0.32856536,5.3849115,15.89811,8.743522,6.9981318,3.536654,0.47004274,2.3921435,29.598612013326846,1.0
1344,38.0625,240.3125,-2.844904,3.2567778,13.605899,6.3665466,6.870915,3.3489304,0.75370634,2.8186224,28.42049250630672,1.0
1345,38.0625,240.4375,-4.7184086,1.7308766,12.053686,4.595638,6.3894396,2.829457,0.98238707,2.761576,21.155891605147715,1.0
1346,38.0625,240.5625,-6.7967434,0.48457727,10.768459,2.8926446,5.994578,2.515444,1.0662295,2.5587993,16.163894339201445,1.0
1347,38.0625,240.6875,-7.585573,-0.07088745,10.372748,2.2422006,4.8873296,2.1267517,0.88508785,2.0914536,14.58109383533982,1.0
1348,38.0625,240.8125,-3.0453036,4.537481,15.108837,6.9194565,2.9441023,1.1981134,0.58002996,1.2401525,12.736637360770027,1.0
1349,38.0625,240.9375,-0.035733998,7.4213495,17.994026,9.817045,1.5222447,0.6107126,0.40235317,0.64361835,2.111238847543914,1.0
1350,38.0625,241.0625,0.26093566,7.617918,18.205648,9.953069,1.4979237,0.617475,0.3960201,0.64440405,0.49167699189092057,1.0
1351,38.0625,241.1875,-0.78402793,6.6511874,17.349237,8.897824,1.6073089,0.66995025,0.48041362,0.6570613,1.173876189169023,1.0
1352,38.0625,241.3125,-1.7728584,5.789922,16.618828,7.938647,1.5554758,0.7989901,0.5242642,0.6571791,3.634074719287917,1.0
1353,38.1875,237.1875,9.0753765,13.612389,19.266651,15.939579,5.6146507,2.0417106,0.12934685,1.4482937,25.563534396677355,1.0
1354,38.1875,237.3125,9.330886,13.780523,19.43444,16.234407,5.203393,1.8209708,0.08908778,1.2550946,21.491090023905524,1.0
1355,38.1875,237.4375,9.830395,14.451726,20.161135,16.748701,4.822309,1.604459,0.09072879,1.0859035,15.274796174339494,1.0
1356,38.1875,237.8125,9.273462,14.682556,20.611946,16.750431,3.6266003,1.4438132,0.06608896,0.8637676,12.752193056577562,1.0
1357,38.1875,238.0625,9.601238,16.029934,23.132599,17.983538,2.4639091,0.9764745,0.048043225,0.7162777,3.2902674990245573,
1358,38.1875,238.1875,9.328976,15.958538,23.131378,17.860725,2.4947522,0.98016,0.07163662,0.67938817,1.9638673753084026,1.0
1359,38.1875,238.9375,9.606155,16.436916,24.866379,18.501291,2.3472302,1.376468,0.097323805,0.56286097,9.64038610990165,1.0
1360,38.1875,239.0625,9.92872,16.516535,25.763742,19.181677,2.579983,1.4917426,0.109014556,0.69265103,14.990300843259371,1.0
1361,38.1875,239.1875,9.2674885,15.767719,25.269472,18.592094,3.7479057,1.9829657,0.13215806,1.0024426,12.523713068323234,1.0
1362,38.1875,239.3125,8.471989,14.677838,24.244305,17.493948,4.755717,2.3719394,0.14908707,1.2168174,20.72625680984263,1.0
1363,38.1875,239.4375,7.907655,13.789523,23.624002,16.736967,5.1439314,2.543459,0.17742573,1.4570642,33.0871181624577,1.0
1364,38.1875,239.5625,6.997696,12.408748,22.592941,15.612048,5.9795794,2.8809938,0.25689012,1.7924341,47.172489219146755,2.0
1365,38.1875,239.6875,6.0858116,11.214578,21.588459,14.610895,6.5262723,3.150247,0.31525907,1.9521549,54.79177349261281,2.0
1366,38.1875,239.8125,4.6178603,9.643174,20.156837,13.178942,7.315635,3.5504172,0.3409884,2.1387808,75.78702192637482,2.0
1367,38.1875,239.9375,3.3827434,8.616339,19.182486,12.100252,6.137091,3.0052297,0.3528223,1.9776518,92.53135704623485,2.0
1368,38.1875,240.0625,0.03075881,5.344902,15.919368,8.8996315,6.5257053,3.154137,0.50327617,2.312121,89.3961744661314,2.0
1369,38.1875,240.1875,-2.980492,2.4956658,13.023816,5.984711,7.260949,3.4895234,0.7751767,2.9655561,23.930185366323173,1.0
1370,38.1875,240.3125,-5.1874766,1.1507962,11.548764,4.112157,7.34399,3.3036866,1.0445756,3.3017483,14.451785382385907,1.0
1371,38.1875,240.4375,-6.560027,0.24589303,10.640614,2.9375362,7.4155807,3.089568,1.0703584,3.219309,25.25369514062594,1.0
1372,38.1875,240.5625,-7.6918235,-0.36225927,9.911011,1.9205271,6.8831573,2.7597494,0.9228306,2.9454215,21.215072235703197,1.0
1373,38.1875,240.6875,-3.6095653,4.0353384,14.232289,6.0555634,2.9882176,1.2318956,0.55804104,1.2449145,19.195751024959574,1.0
1374,38.1875,240.8125,-2.5233738,5.0714703,15.289203,7.0954666,2.3981771,0.983842,0.5515057,1.0013564,3.987768679603755,1.0
1375,38.1875,240.9375,-3.3427825,3.6383355,14.091181,5.9909697,1.7954223,0.89432716,0.59559596,0.805458,2.1632368455100126,1.0
1376,38.1875,241.0625,-1.9608904,5.0553336,15.580961,7.392306,1.5162262,0.68151516,0.50238526,0.6747718,2.3556829886746873,1.0
1377,38.3125,237.0625,9.437309,14.116379,19.715412,16.188301,6.557906,2.417422,0.16966766,1.7452577,20.908315264807406,1.0
1378,38.3125,237.1875,9.416785,14.008189,19.65841,16.237528,5.7897577,2.146973,0.13740455,1.5276918,12.351380821896074,1.0
1379,38.3125,237.3125,9.6991625,14.137235,19.84227,16.618155,4.807483,1.7949048,0.09385803,1.2708116,9.804063233321598,1.0
1380,38.3125,237.4375,8.4704075,13.223179,19.331367,15.550515,5.676619,2.126564,0.12712342,1.4566013,28.026394032668332,1.0
1381,38.3125,237.5625,8.970577,13.982863,20.371656,16.146685,5.0761666,1.8865708,0.10284087,1.227144,35.251239899211896,1.0
1382,38.3125,237.8125,8.547302,14.006811,20.205395,16.14055,5.0492644,1.8343338,0.09280325,1.1021622,15.918465265351294,1.0
1383,38.3125,237.9375,9.042431,15.3479,22.326815,17.410635,3.811573,1.4272805,0.06390153,0.88355285,14.698755639218946,1.0
1384,38.3125,238.9375,9.823412,16.462364,25.219584,18.77297,2.6559205,1.4881731,0.10406216,0.69830585,13.172897999663299,1.0
1385,38.3125,239.0625,9.995515,16.487543,25.884888,19.24787,2.921808,1.5883067,0.12198727,0.85457104,9.542670615673575,1.0
1386,38.3125,239.1875,8.929153,15.321953,24.842157,18.130402,3.9498167,2.067161,0.12539476,1.0977346,13.48047636778981,1.0
1387,38.3125,239.3125,7.980657,14.137398,23.513365,16.733067,5.037191,2.6088126,0.16712779,1.3266988,30.33113399132092,1.0
1388,38.3125,239.4375,6.737795,12.680208,22.3264,15.532565,6.1002426,3.1115515,0.24762002,1.6923059,59.06529846546084,1.0
1389,38.3125,239.5625,6.3196325,11.609678,21.743938,14.929766,6.8689117,3.4095478,0.311443,2.1341403,63.21201880982011,2.0
1390,38.3125,239.6875,4.024802,8.807207,19.291618,12.414267,7.7064495,3.8949828,0.35101008,2.473834,95.36642917271604,2.0
1391,38.3125,239.8125,2.6014714,7.5710692,17.936327,11.126567,7.083528,3.6472433,0.43196565,2.4046724,89.86770360188844,2.0
1392,38.3125,239.9375,1.6138749,6.6248965,17.023203,10.271433,6.496679,3.3638191,0.47045866,2.2222357,89.46723454277722,2.0
1393,38.3125,240.0625,1.051878,6.1576586,16.601744,9.801967,5.992578,2.9436593,0.5771493,2.3445256,86.83539624270047,2.0
1394,38.3125,240.1875,-1.2772521,3.9458864,14.403887,7.5402336,6.562769,3.1721294,0.6707676,2.6852298,75.50459272551443,2.0
1395,38.3125,240.3125,-4.6477494,1.807148,12.264596,4.5828342,6.8269997,2.9576645,0.926813,3.017542,30.79941649093994,1.0
1396,38.3125,240.4375,-6.7692795,0.28880933,10.677238,2.6170344,5.280024,2.1029484,0.79069096,2.3679059,25.44792511317521,1.0
1397,38.3125,240.5625,-4.249371,3.338371,13.694461,5.3486767,4.363339,1.6767703,0.71552956,1.9752958,17.09346118515317,1.0
1398,38.3125,240.6875,-3.730924,3.9971657,14.215798,5.9058266,2.2302313,0.9084262,0.5002459,0.9332709,15.615679787701236,1.0
1399,38.3125,240.8125,-2.6996436,5.0006933,15.209733,6.9301767,2.1419084,0.9004924,0.5638575,0.9001768,6.566349351072995,2.0
1400,38.3125,240.9375,-3.6921968,3.6016214,14.011904,5.749395,2.2505443,1.0505345,0.6600972,0.98218244,3.7450063979668893,1.0
1401,38.4375,236.9375,9.203168,12.953116,17.766943,15.020129,8.517841,3.2367291,0.23952195,2.2347903,87.81279818982374,2.0
1402,38.4375,237.0625,8.780782,13.401603,18.86924,15.329154,7.567314,2.8671186,0.19112237,2.0603962,84.66159402279017,2.0
1403,38.4375,237.4375,8.389451,13.464666,20.085161,15.671396,7.0413446,2.6805708,0.16772012,1.8395352,50.49249445532493,2.0
1404,38.4375,237.5625,8.818102,14.048381,21.164824,16.276415,6.2640114,2.272138,0.108131215,1.5406204,58.62078620900911,2.0
1405,38.4375,237.6875,8.831223,14.179292,21.529652,16.560795,5.5343695,2.0930614,0.11955298,1.2946365,17.52984291383267,1.0
1406,38.4375,237.8125,7.8089085,13.868067,21.931747,16.219172,5.368929,1.8858763,0.12681223,1.0901967,17.970928852318384,1.0
1407,38.4375,237.9375,7.649096,14.392675,22.75914,16.470417,4.8152986,1.6642826,0.0663835,1.030687,18.99035114344592,1.0
1408,38.4375,238.8125,9.822559,16.608843,24.857111,18.761171,2.8093696,1.4243143,0.08785656,0.7496071,7.8554002721805825,1.0
1409,38.4375,238.9375,10.247635,16.617348,25.894886,19.26495,2.9366336,1.6137383,0.09498088,0.73264164,12.822059089859213,1.0
1410,38.4375,239.0625,9.771176,16.066416,25.5695,18.830929,3.3359504,1.7672658,0.09485409,0.8592768,11.449438440418916,1.0
1411,38.4375,239.1875,8.643951,14.815789,24.42231,17.61144,4.4331965,2.2832704,0.11913547,1.1441679,19.943653769484968,1.0
1412,38.4375,239.3125,7.041427,13.147826,22.741253,15.940952,5.551856,2.894698,0.21610045,1.579874,47.70494079216667,2.0
1413,38.4375,239.4375,6.4337015,12.344597,22.160564,15.390633,6.377665,3.3254962,0.28023094,1.8250897,70.43180247823913,2.0
1414,38.4375,239.5625,5.1278687,10.924844,20.806805,14.055349,7.120577,3.6012342,0.3585571,2.240729,85.8634603829551,2.0
1415,38.4375,239.6875,4.612192,9.812503,19.923042,13.321238,7.049803,3.679911,0.43935904,2.3693912,85.86539480267305,2.0
1416,38.4375,239.8125,2.639083,7.583596,17.781746,11.305258,6.6099586,3.6210678,0.5943131,2.346858,91.14636237439939,2.0
1417,38.4375,239.9375,0.63734,5.5235558,15.7882185,9.280347,6.2456784,3.5753224,0.5730051,2.3793037,80.00458663361489,2.0
1418,38.4375,240.0625,-0.19910276,4.7701483,15.266554,8.472802,6.356277,3.6192799,0.6141855,2.4914372,54.18807988814226,1.0
1419,38.4375,240.1875,-1.4782122,3.997074,14.663091,7.3273573,7.0341706,3.755299,0.66771466,2.7103736,73.24386544428411,2.0
1420,38.4375,240.3125,-3.753655,2.7777,13.510228,5.4013453,6.79982,3.1471937,0.8185566,2.9392254,56.53596259290746,1.0
1421,38.4375,240.4375,-5.1814313,1.9773256,12.608465,4.070033,4.494971,1.8589393,0.7690563,2.08975,35.13700993772952,1.0
1422,38.4375,240.5625,-2.9489512,4.589834,15.115014,6.436526,3.2583752,1.2527127,0.6592545,1.4615119,16.634622442695157,1.0
1423,38.4375,240.6875,-7.0691156,0.537325,10.969674,2.41049,3.958958,1.5814192,0.71476644,1.6647263,18.97691574838635,1.0
1424,38.5625,236.6875,9.430502,11.554498,15.176422,13.840961,8.635456,3.2638998,0.28809714,2.2051513,106.90964801402124,
1425,38.5625,236.8125,8.436953,10.750718,14.539506,13.017825,12.274304,4.580469,0.356063,2.824332,73.25572241709939,2.0
1426,38.5625,236.9375,8.653036,12.648539,17.824192,14.724258,9.228934,3.537343,0.26123163,2.3331852,96.58549992266248,2.0
1427,38.5625,237.0625,9.144952,14.222357,20.162611,16.137356,7.4230356,2.8485937,0.16763534,2.0206165,92.01008815965639,2.0
1428,38.5625,237.1875,9.940835,15.132778,21.218128,17.056553,6.2283454,2.3586369,0.16987017,1.6609569,16.993007588440438,
1429,38.5625,237.3125,8.863486,13.923729,20.194044,16.005219,7.070545,2.6514492,0.18412589,1.7865242,38.57836992436977,2.0
1430,38.5625,237.4375,8.567335,13.698251,21.003094,16.031649,6.9558764,2.5327787,0.15930794,1.7087542,55.58836941345084,2.0
1431,38.5625,237.5625,9.580874,14.474315,22.640623,17.340977,5.79494,2.1177588,0.10403961,1.4856668,31.98192516895731,2.0
1432,38.5625,237.6875,8.504504,13.964651,22.097164,16.522394,5.693096,2.0987992,0.14303881,1.3547478,18.13020494598101,1.0
1433,38.5625,237.8125,8.5059,14.728856,23.39817,17.17758,4.7227316,1.6465796,0.12654766,0.9586127,13.28880229108441,1.0
1434,38.5625,237.9375,8.24513,15.083328,23.723377,17.208632,4.1430674,1.5161898,0.06487076,0.88572246,11.9098153505905,1.0
1435,38.5625,238.8125,9.840683,16.511452,25.151516,18.85239,3.0498428,1.575469,0.08158322,0.7246619,7.0371228920565745,1.0
1436,38.5625,238.9375,10.146764,16.39072,25.852015,19.131767,3.1033041,1.7842475,0.050846327,0.56567544,15.977939040570911,1.0
1437,38.5625,239.0625,9.85078,15.765921,25.62201,18.711811,3.518532,2.0004008,0.05124586,0.7035276,16.833256805278,1.0
1438,38.5625,239.1875,9.00736,14.736856,24.840975,17.783253,4.585029,2.4649935,0.096109085,1.2220083,26.042942987476625,2.0
1439,38.5625,239.3125,7.471642,13.206057,23.309471,16.310732,5.545171,2.946746,0.2069756,1.7441334,40.83790215778956,2.0
1440,38.5625,239.4375,5.4873567,11.276325,21.291237,14.392739,6.960824,3.608445,0.37042463,2.1720464,87.96385689267218,2.0
1441,38.5625,239.5625,4.235546,9.70488,19.819038,13.098195,7.217827,3.729939,0.42467877,2.330496,107.56477738697829,2.0
1442,38.5625,239.6875,3.262077,8.311756,18.463448,11.983928,6.6422796,3.4820302,0.56044364,2.2844834,87.43083132249485,2.0
1443,38.5625,239.8125,1.5576084,6.4542665,16.651192,10.246225,7.0616455,3.7520866,0.62162626,2.471369,70.077146753675,2.0
1444,38.5625,239.9375,0.16013949,4.984409,15.376635,8.8366585,6.6010523,3.6313372,0.64382255,2.4673162,54.0524729182119,1.0
1445,38.5625,240.0625,-1.2362295,3.836485,14.38941,7.5139575,6.8220773,4.032746,0.6380782,2.7367063,67.28185044377355,2.0
1446,38.5625,240.1875,-2.7002652,3.005228,13.70832,6.1550894,7.278491,4.567966,0.7973441,2.7718759,51.020806342094225,1.0
1447,38.5625,240.3125,-2.0034673,4.5478044,15.378397,6.989522,4.378947,2.1613379,0.5957126,1.8443928,50.29713296079163,1.0
1448,38.5625,240.4375,-0.91946965,6.2521477,17.094906,8.213721,2.7328491,1.2015676,0.560834,1.2567104,24.562404887915534,1.0
1449,38.5625,240.5625,0.3071657,7.865411,18.649794,9.539476,2.1736228,0.9528097,0.54371834,0.92993504,7.985129079506186,1.0
1450,38.6875,236.6875,8.888548,12.252181,17.068184,14.471574,8.618805,3.2809942,0.23779613,2.100247,103.06242505241079,2.0
1451,38.6875,236.8125,8.113572,12.194623,17.707642,14.375385,9.297691,3.4376035,0.24933878,2.1552722,60.62472428824542,2.0
1452,38.6875,236.9375,8.101629,12.989633,19.248266,15.118331,8.012021,3.1451325,0.2038277,2.2377155,53.314801466672506,2.0
1453,38.6875,237.0625,9.400619,14.65504,21.035126,16.666376,6.8663893,2.6319823,0.1634723,1.81236,47.086641874945286,2.0
1454,38.6875,237.1875,9.02711,14.399416,20.813818,16.34832,6.5696535,2.4825847,0.16037005,1.7162282,20.61987034993043,1.0
1455,38.6875,237.3125,7.7645,13.003492,19.88221,15.167068,7.7412114,2.7383788,0.21385394,1.7548171,36.8264311366124,1.0
1456,38.6875,237.4375,7.2585907,12.529934,20.261469,14.901012,7.1741786,2.602113,0.15925623,1.716041,40.79476515149267,1.0
1457,38.6875,237.5625,8.8843975,14.191425,22.262259,16.721336,5.6525216,2.087226,0.12494238,1.4135978,14.58775300321943,1.0
1458,38.6875,237.6875,8.904188,14.516405,22.826015,17.01854,4.9851727,1.8511658,0.09411366,1.2148342,10.9590969733716,1.0
1459,38.6875,237.8125,7.6526775,13.967517,22.799936,16.361675,5.5289736,1.9316363,0.12467249,1.1821121,10.897032063187023,1.0
1460,38.6875,237.9375,8.810567,15.658162,24.45459,17.794579,3.6473522,1.3596479,0.06452884,0.8640379,10.35339775890361,1.0
1461,38.6875,238.9375,9.203033,15.571122,24.996056,18.321726,3.7151632,2.1050148,0.069477156,0.70241374,17.98728417555293,1.0
1462,38.6875,239.0625,8.92179,14.755957,24.753754,17.718782,4.4830837,2.4314322,0.094211146,0.9640278,22.39428265575151,2.0
1463,38.6875,239.1875,7.75418,13.550325,23.576448,16.377974,5.330135,2.7328944,0.17132787,1.413967,31.3952369015685,2.0
1464,38.6875,239.3125,8.1308365,13.499293,24.169212,16.984066,5.88568,3.0498319,0.23557922,1.6855965,43.925737534510056,2.0
1465,38.6875,239.4375,6.0784583,11.494663,21.973507,14.93819,7.2475924,3.8244014,0.37853438,2.2403884,92.37574649553075,2.0
1466,38.6875,239.5625,3.7449324,9.122686,19.401136,12.594534,6.7606835,3.5884552,0.52609724,2.2434778,107.55691772431928,2.0
1467,38.6875,239.6875,2.119157,7.1609993,17.428663,10.881934,6.112973,3.1812358,0.5980961,2.097504,94.71768802891363,2.0
1468,38.6875,239.8125,1.2130817,6.040412,16.482058,9.919766,5.8818493,3.0273554,0.6522981,2.0799384,83.12701686841852,2.0
1469,38.6875,239.9375,-1.6143268,2.766491,13.381817,7.009499,6.665035,3.5951264,0.79331285,2.4751134,55.47199405238564,1.0
1470,38.6875,240.0625,-3.664202,1.2836368,11.904413,5.0617323,6.3624477,3.5584135,0.6823955,2.4665008,43.003074703399626,1.0
1471,38.6875,240.1875,-0.0846774,6.0673494,16.864006,8.904699,4.719836,2.1820939,0.60325956,1.7270766,43.385341834683885,2.0
1472,38.6875,240.3125,-0.712686,6.006062,16.901266,8.360031,4.8352947,2.278504,0.60935646,1.8879077,23.438212751525494,1.0
1473,38.6875,240.4375,-0.0020613354,7.352474,18.34646,9.102199,1.9528621,0.9376893,0.4788516,0.7969222,13.811504958893263,1.0
1474,38.8125,236.4375,9.033533,12.192582,17.156536,14.3545265,7.1062512,2.8386059,0.22661482,1.8821977,106.75948921401951,2.0
1475,38.8125,236.5625,8.813864,12.378835,17.790977,14.578027,7.6104345,2.8840463,0.21879192,1.8889527,108.4136688948308,2.0
1476,38.8125,236.6875,7.8880944,11.956664,17.902111,14.192185,8.399805,3.170678,0.20032464,1.9152857,89.00097121962447,2.0
1477,38.8125,236.8125,7.8887253,12.851095,19.654743,15.055978,7.859056,2.9924247,0.19705005,1.8498964,55.611046024389225,1.0
1478,38.8125,236.9375,8.581989,13.964526,21.168777,16.212503,6.7035527,2.6568353,0.15410435,1.6529194,43.26589871501723,1.0
1479,38.8125,237.0625,7.7938538,13.285489,20.670942,15.499029,6.5337296,2.5414357,0.10590764,1.5212727,26.931820979211885,1.0
1480,38.8125,237.1875,5.621718,11.228654,18.917744,13.350089,9.171114,3.2908692,0.10583935,1.8829622,41.48899323474427,1.0
1481,38.8125,237.3125,5.3585486,11.039851,19.312677,13.189048,8.346147,2.9186928,0.1518166,1.7865399,48.928752462069696,1.0
1482,38.8125,237.4375,7.5624466,13.24068,21.944807,15.498274,6.441769,2.3490274,0.13362437,1.5282769,13.806767616840556,1.0
1483,38.8125,237.5625,7.6403866,13.337572,22.043427,15.659897,6.1698136,2.2134535,0.13417941,1.4443883,13.40283860438029,1.0
1484,38.8125,237.6875,6.9677706,12.841423,21.610165,15.205883,6.608312,2.3521962,0.14817493,1.5178754,10.350742808113099,1.0
1485,38.8125,237.8125,8.106854,14.386609,23.418102,16.756205,4.3683844,1.5945783,0.101419985,1.0570763,12.293304879114395,1.0
1486,38.8125,237.9375,8.672638,15.527494,24.403706,17.637524,3.2872727,1.2134334,0.069375664,0.80730844,9.207158017386611,1.0
1487,38.8125,238.8125,9.43374,15.943788,25.540873,18.557213,3.5431693,1.6557622,0.112812,0.96465814,17.51861602139274,1.0
1488,38.8125,238.9375,9.257871,15.42429,25.15777,18.297516,4.1369457,2.130832,0.13199893,1.0101119,21.989473658295225,1.0
1489,38.8125,239.0625,9.429534,15.177826,25.383564,18.38559,4.834305,2.4736204,0.1547606,1.2643385,22.980117203614487,2.0
1490,38.8125,239.1875,8.654567,14.147761,24.716892,17.561926,5.899182,3.0209444,0.22837628,1.6972883,45.448264497056485,2.0
1491,38.8125,239.3125,7.301964,12.648966,23.374384,16.200998,6.9187727,3.5228734,0.2956666,1.8662739,86.7773994781027,2.0
1492,38.8125,239.4375,5.408394,10.7793,21.381746,14.296104,7.509629,3.9928107,0.38127232,2.318037,69.0278868510344,1.0
1493,38.8125,239.5625,4.2344184,9.32976,19.9388,13.02054,7.241127,3.577521,0.50714713,2.4331155,52.30594503333141,2.0
1494,38.8125,239.6875,2.9390037,7.911209,18.393745,11.659074,6.0211263,2.7693667,0.5051775,2.0229917,64.98541912847944,2.0
1495,38.8125,239.8125,-0.032678157,5.081125,15.56919,8.703441,6.2035937,2.9906554,0.6122777,2.1839707,72.88621509553545,2.0
1496,38.8125,239.9375,-1.6683931,3.712873,14.210436,7.136441,6.882681,3.5041022,0.6953042,2.4769838,76.51663099360287,2.0
1497,38.8125,240.0625,-2.8259082,3.0103216,13.572948,6.0678406,6.075522,3.435904,0.71687067,2.2771988,68.25485118302524,2.0
1498,38.8125,240.1875,0.25994354,6.7389035,17.540462,9.304409,3.2111206,1.4962153,0.49753392,1.1646404,25.19784266361203,1.0
1499,38.9375,236.3125,9.709988,12.361048,16.706793,14.49723,6.539874,2.640029,0.18221535,1.7475557,68.11532063766349,
1500,38.9375,236.4375,7.971362,11.16885,16.255095,13.349624,7.691407,2.9009929,0.21443819,1.7918955,111.82187288170597,2.0
1501,38.9375,236.5625,8.018502,12.2894945,18.775665,14.452325,7.6162415,2.900117,0.18860023,1.7701783,102.19741565181906,2.0
1502,38.9375,236.6875,7.657207,12.521748,19.847738,14.717964,7.3001647,2.838459,0.18845604,1.706847,69.70316537870121,2.0
1503,38.9375,236.8125,7.270878,12.646733,20.60138,14.883804,6.965263,2.708932,0.15761104,1.5966998,39.71954339103995,1.0
1504,38.9375,236.9375,8.235482,13.848886,22.011986,16.05381,6.2696953,2.576747,0.12838233,1.3715692,22.245054225989225,1.0
1505,38.9375,237.0625,6.100521,11.863472,20.52016,14.05905,7.189702,2.9482937,0.113399714,1.4979291,33.06744571377121,1.0
1506,38.9375,237.1875,6.119126,11.918657,20.661667,14.088222,8.146238,2.801983,0.11065375,1.6183814,26.900157469552628,1.0
1507,38.9375,237.3125,6.322597,12.178076,21.269442,14.363496,6.470478,2.3180947,0.13633323,1.4596846,22.138023378114223,1.0
1508,38.9375,237.4375,6.6975355,12.631662,22.09465,14.832903,6.4375424,2.30176,0.16018495,1.4514,15.411769944615422,1.0
1509,38.9375,237.5625,6.165576,12.229184,21.542095,14.432458,6.6116867,2.3307714,0.15760802,1.4299452,18.910605285161168,1.0
1510,38.9375,237.6875,6.874387,13.329977,22.359612,15.324264,5.620044,1.962007,0.11825067,1.2937224,11.315080847777107,1.0
1511,38.9375,237.8125,7.942431,14.739002,23.665098,16.616001,3.8775249,1.3812513,0.08389211,0.9427643,17.29219302840906,1.0
1512,38.9375,238.6875,10.313564,16.755447,26.281725,19.34107,3.2623208,1.394853,0.09562291,0.8837455,6.220518343982686,1.0
1513,38.9375,238.8125,9.997502,16.074186,25.887684,18.989256,4.340456,2.060974,0.12868494,1.2411902,22.54431456030435,1.0
1514,38.9375,238.9375,8.853074,14.826789,24.71771,17.871342,5.105132,2.4929793,0.16721809,1.4831388,26.378576768771044,2.0
1515,38.9375,239.0625,8.857413,14.534028,24.873472,17.851793,5.8066363,2.8646698,0.2144366,1.7144321,41.06465921289944,2.0
1516,38.9375,239.1875,7.965452,13.345064,24.195265,17.07138,6.9296,3.4859233,0.2615205,2.0270076,82.23145237565792,2.0
1517,38.9375,239.3125,6.207057,11.547602,22.333727,15.198467,8.508068,4.303365,0.34217167,2.2496026,98.27632983470353,2.0
1518,38.9375,239.4375,4.7150955,9.88594,20.63542,13.5256195,8.749918,4.4857388,0.43622884,2.3960824,68.75178797795122,1.0
1519,38.9375,239.5625,2.430171,7.845467,18.552599,11.398879,7.587727,3.7413807,0.51316655,2.2428637,67.40870415751564,2.0
1520,38.9375,239.6875,0.42178315,5.820885,16.273394,9.1744795,6.4431925,3.1579876,0.5508741,2.0593076,74.60970625966183,2.0
1521,38.9375,239.8125,-2.4798381,3.0183039,13.44439,6.261348,7.8608093,3.8933985,0.6878551,2.6827245,35.52612151399619,1.0
1522,38.9375,239.9375,-1.0749263,4.7339883,15.109653,7.7271485,4.389937,1.9834456,0.46738398,1.4243681,55.77028381093837,
1523,38.9375,240.0625,-1.4271476,4.6422734,15.136517,7.4316163,4.555488,2.4903486,0.619872,1.580415,53.300806433161306,2.0
1524,39.0625,236.3125,8.686305,11.738554,16.761003,13.874404,7.1430492,2.8085384,0.20627567,1.8107557,94.2116952940459,2.0
1525,39.0625,236.4375,8.000792,11.545286,17.342152,13.725721,7.3309803,2.8222084,0.1914691,1.7597594,106.82173499864655,2.0
1526,39.0625,236.5625,8.802908,13.32729,20.608118,15.566723,6.673115,2.565778,0.17452012,1.6149554,98.79523298190534,2.0
1527,39.0625,236.6875,7.3185863,12.426397,20.543467,14.671343,7.4475155,2.9613426,0.18502396,1.8242866,64.84978002688855,2.0
1528,39.0625,236.8125,8.201298,13.525672,21.85115,15.779797,6.3634048,2.4379315,0.17763853,1.5236496,23.442152243327183,1.0
1529,39.0625,236.9375,6.2465763,11.800746,20.46833,14.022551,7.334983,2.9353976,0.16025491,1.5949084,35.00063130624619,1.0
1530,39.0625,237.0625,6.919122,12.7807865,22.023544,14.964204,5.609178,2.175859,0.12942797,1.3450229,14.84149768929503,1.0
1531,39.0625,237.3125,6.198712,12.097703,21.445442,14.346811,5.7200217,2.052077,0.14344878,1.3048342,24.782577298498015,1.0
1532,39.0625,237.4375,6.581258,12.698611,22.208689,14.8815975,5.3978047,1.8303723,0.16401795,1.2081757,15.205393263677154,1.0
1533,39.0625,237.5625,6.0233655,12.543063,21.961529,14.575819,5.104042,1.7781824,0.13750577,1.1275264,8.952395393435083,1.0
1534,39.0625,237.6875,7.48687,14.418397,23.543331,16.217108,3.6772158,1.3486407,0.10110309,0.9064186,8.47382238200489,1.0
1535,39.0625,237.8125,8.788474,16.016996,24.931961,17.625263,2.8887575,1.12439,0.100563705,0.7544273,10.62111296453134,1.0
1536,39.0625,238.6875,10.555251,16.785812,26.34274,19.355066,4.1699653,1.8214594,0.11605052,1.1200615,14.456553204632801,1.0
1537,39.0625,238.8125,10.03293,15.562252,25.55303,18.595366,5.354086,2.4433973,0.19853976,1.5999002,24.251560103977774,2.0
1538,39.0625,238.9375,9.052311,14.537524,24.641687,17.605934,6.3135953,2.933768,0.24257861,1.8764725,30.970715439618107,2.0
1539,39.0625,239.0625,8.73719,14.128196,24.535547,17.327633,6.3738756,3.0924132,0.24123643,1.9810715,52.62261069869144,2.0
1540,39.0625,239.1875,7.390471,12.657835,23.230541,16.072567,7.2136865,3.5770674,0.28353575,2.1466546,94.31128469493605,2.0
1541,39.0625,239.3125,6.900851,11.926005,22.567001,15.613634,7.8264956,3.9164515,0.33208317,2.2027965,81.33783615424984,2.0
1542,39.0625,239.4375,4.1032977,9.018744,19.684694,12.835401,9.654503,4.677762,0.4728151,2.6911798,96.13983291881864,2.0
1543,39.0625,239.5625,1.5488906,7.028241,17.510798,10.449218,8.648678,4.034489,0.44604856,2.4876263,67.56242999893368,1.0
1544,39.0625,239.6875,-0.7144371,5.0775285,15.577677,8.270153,7.3039002,3.4563482,0.505973,2.286605,78.18126108966025,2.0
1545,39.0625,239.8125,-1.7344648,3.8628495,14.307491,7.0648556,6.365064,3.0057049,0.5400766,2.0859272,92.88638019943093,2.0
1546,39.1875,236.3125,9.075924,12.054693,16.97688,14.1487465,6.628952,2.7164533,0.1949823,1.7753952,110.49572065395954,2.0
1547,39.1875,236.4375,9.113088,12.690954,18.530512,14.837918,6.1551323,2.5283918,0.17109764,1.6602427,104.50821930984863,2.0
1548,39.1875,236.5625,8.48458,12.936351,20.140638,15.163787,7.296936,2.8611166,0.19007987,1.8008223,113.88773961160784,2.0
1549,39.1875,236.6875,7.103799,12.21518,20.374128,14.473455,7.9260273,3.1393769,0.21576695,1.9875109,55.12627326578166,2.0
1550,39.1875,236.8125,8.733651,13.945043,22.184383,16.203222,6.3004265,2.5456386,0.17186978,1.6445162,24.209864784236306,1.0
1551,39.1875,236.9375,6.181737,11.476106,19.955206,13.746624,7.0323777,3.163126,0.16737151,1.7842929,33.680816962650724,1.0
1552,39.1875,237.0625,6.7363563,12.254269,21.148928,14.521558,6.365549,2.5750198,0.1593084,1.574127,25.60231140476942,1.0
1553,39.1875,237.1875,4.5603085,10.216366,19.348484,12.518758,8.625719,2.9687204,0.13171415,1.7744123,29.54118455339174,1.0
1554,39.1875,237.3125,4.4378605,10.31253,19.83424,12.672092,6.5453954,1.9405326,0.1505858,1.3913504,27.2590047899739,1.0
1555,39.1875,237.4375,5.3642797,11.587193,21.276163,13.912361,5.626958,1.6693012,0.16220826,1.2069675,24.189408981709775,1.0
1556,39.1875,237.5625,6.619888,13.277876,22.777828,15.370748,3.5337267,1.2401536,0.14644386,0.87695336,11.211767383379678,1.0
1557,39.1875,237.6875,8.599453,15.640783,24.820145,17.44212,2.782205,1.1099983,0.119574994,0.7745309,7.564091000474928,1.0
1558,39.1875,238.1875,8.922944,16.43084,25.092941,17.865576,3.2017088,1.320149,0.09800098,0.8253963,13.618868084755729,1.0
1559,39.1875,238.5625,10.302351,17.176575,26.317158,19.15838,3.6330457,1.5975516,0.11766832,0.99177665,6.594164643551713,1.0
1560,39.1875,238.6875,10.320571,16.284414,25.891483,18.806763,5.2157707,2.3293858,0.15566948,1.3066356,18.537229542459844,1.0
1561,39.1875,238.8125,9.244627,14.591519,24.534842,17.524109,6.6162066,3.089699,0.21932177,1.8696194,26.323002928077877,2.0
1562,39.1875,238.9375,7.6546474,12.852058,22.765331,15.853125,7.3983483,3.5200963,0.24662012,2.1978683,44.82103213364132,2.0
1563,39.1875,239.0625,7.2728357,12.679632,22.805122,15.649773,7.404376,3.593805,0.2730741,2.2799296,71.21825427047456,2.0
1564,39.1875,239.1875,6.4203897,11.599372,21.972649,14.924154,8.176299,4.042524,0.3384132,2.5302825,91.32050380203142,2.0
1565,39.1875,239.3125,5.453511,10.21291,20.775972,14.014503,8.961768,4.356369,0.405826,2.6898236,95.99930958546526,2.0
1566,39.1875,239.4375,3.1420996,7.9539824,18.498798,11.772615,9.543048,4.4647713,0.48132634,2.7272973,70.15446621211574,1.0
1567,39.1875,239.5625,0.52430993,6.038715,16.526993,9.469424,9.121357,4.1197853,0.4921724,2.6930764,89.55148959866646,2.0
1568,39.1875,239.6875,-2.5494576,3.5736716,14.007459,6.639426,8.092544,3.942896,0.61049974,2.6618495,79.10802134098928,2.0
1569,39.1875,239.8125,-3.4062247,2.4333954,12.888723,5.5823283,6.218671,2.8600838,0.53252304,2.034626,88.7687614771079,2.0
1570,39.3125,236.3125,9.122908,11.863567,16.372921,13.872622,6.2437935,2.7868636,0.2436496,1.8249856,123.09940871761377,2.0
1571,39.3125,236.4375,9.008218,12.457724,18.158169,14.588882,6.399426,2.6503835,0.1904509,1.7775301,113.51787596631928,2.0
1572,39.3125,236.5625,8.058552,12.204011,19.02919,14.435252,7.278222,2.9030416,0.20343903,1.860242,97.67548883366646,2.0
1573,39.3125,236.6875,6.9648457,11.584864,19.162922,13.875167,7.9482174,3.1187053,0.22721066,1.9040836,61.60230762954462,2.0
1574,39.3125,236.8125,8.035438,13.141449,21.461252,15.481616,6.8799686,2.7425594,0.2023045,1.8141105,27.446868449650122,1.0
1575,39.3125,236.9375,7.030664,12.248167,20.75198,14.601163,7.0914254,3.0020783,0.22461505,1.6882865,45.265401911865524,1.0
1576,39.3125,237.0625,4.8410234,10.269886,19.090277,12.6061125,7.261436,3.1836734,0.16949064,1.635533,63.23807947158889,2.0
1577,39.3125,237.1875,4.1230826,9.816771,19.068272,12.221326,6.371096,2.5774035,0.13419962,1.5324339,50.211584004917704,1.0
1578,39.3125,237.3125,2.7985756,8.894389,18.769672,11.409874,5.3292403,1.7297888,0.1553006,1.1475999,44.44702221345218,1.0
1579,39.3125,237.4375,6.198468,12.4645405,22.538567,15.031156,3.7588544,1.2088022,0.16534553,0.8798982,13.770180481626905,1.0
1580,39.3125,237.5625,7.4440107,13.870824,23.831198,16.346907,3.2017393,1.1273516,0.14140551,0.81904423,13.485510072632751,1.0
1581,39.3125,237.6875,8.999536,15.908468,25.292229,17.96993,2.632189,1.0712913,0.1276736,0.7624631,3.8564801276120546,1.0
1582,39.3125,238.5625,10.049295,16.61624,25.991074,18.77993,4.3577137,1.9852557,0.14313743,1.1425225,18.437427763235217,1.0
1583,39.3125,238.6875,9.295459,15.180446,24.903297,17.75256,6.2416315,2.9685628,0.17260385,1.6396915,28.59255077268531,2.0
1584,39.3125,238.8125,8.756255,14.3711195,24.230122,17.140587,6.8199897,3.3463268,0.2274035,1.9281343,38.699842386405415,2.0
1585,39.3125,238.9375,7.3446174,12.822793,22.68721,15.591382,8.149007,3.875807,0.29295495,2.363732,59.98366897231257,2.0
1586,39.3125,239.0625,6.0138135,11.445,21.430466,14.355645,8.6270685,4.214943,0.35426456,2.6039033,91.15355166961419,2.0
1587,39.3125,239.1875,5.3100095,10.659674,20.929691,13.957474,9.239011,4.573205,0.43353164,2.8356044,105.33836438144948,2.0
1588,39.3125,239.3125,4.618839,9.082848,19.789816,13.176568,9.911807,4.8253555,0.48079994,2.890641,86.88694398052235,2.0
1589,39.3125,239.4375,1.5055015,6.2662206,16.63017,10.008597,10.108552,4.551829,0.53969646,2.7518191,65.85368416058459,2.0
1590,39.3125,239.5625,-1.5503039,4.2691545,14.6516905,7.5616302,9.592192,4.3533306,0.51870775,2.832601,70.52241506159999,2.0
1591,39.3125,239.6875,-2.9908776,3.451848,13.815807,6.420267,7.793416,3.7080495,0.5725637,2.6058764,75.31149186333204,2.0
1592,39.3125,239.8125,-1.752418,5.0064745,15.398225,7.799236,5.6455154,2.6483073,0.48120633,1.8227063,46.407181429583474,2.0
1593,39.3125,239.9375,-2.941392,3.976168,14.089841,6.601039,5.6009717,2.7169724,0.5115668,1.9127686,46.06321010405903,2.0
1594,39.4375,236.3125,8.929459,11.278339,14.991034,13.165529,7.300871,3.1759205,0.293979,2.1708894,113.61719329229153,2.0
1595,39.4375,236.4375,8.320347,11.449959,16.577694,13.513546,7.144332,2.993922,0.228359,2.053678,125.3597746036223,2.0
1596,39.4375,236.5625,7.4131575,11.325705,17.857178,13.557785,8.382545,3.2879982,0.24163161,2.1603694,100.11684939039242,2.0
1597,39.4375,236.6875,6.899758,11.2098465,18.374249,13.489113,8.170357,3.2191188,0.23826906,2.0380003,59.57406977371475,2.0
1598,39.4375,236.8125,6.5451913,11.509854,19.627653,13.839842,8.446827,3.3325446,0.2811405,1.9783185,59.9247643428194,2.0
1599,39.4375,236.9375,4.3871574,9.558694,17.972025,11.894036,9.420893,3.6354337,0.37341285,1.7550142,84.81027280184595,2.0
1600,39.4375,237.0625,5.4523907,10.899933,19.797962,13.317633,6.665386,2.9057858,0.22755916,1.7018218,52.9546643385386,2.0
1601,39.4375,237.1875,2.3741572,8.440742,18.0232,10.890728,4.9431515,2.4929962,0.317378,1.8533759,62.78276150761043,2.0
1602,39.4375,237.3125,2.1432905,8.483548,18.416067,10.978322,4.3341956,1.2938379,0.2502758,0.93134326,37.8348914152406,1.0
1603,39.4375,237.4375,7.0289903,13.425023,23.495674,15.958052,3.386445,1.2131177,0.15514743,0.8403976,11.383543153226183,1.0
1604,39.4375,237.5625,7.764833,14.349335,24.201765,16.780203,3.1932397,1.154172,0.15854716,0.8235228,11.264409387476894,1.0
1605,39.4375,237.6875,9.069451,16.052853,25.324379,18.228043,2.7624888,1.092017,0.14274254,0.77414733,1.8775845889276583,1.0
1606,39.4375,238.4375,9.894299,16.83014,26.215218,18.788452,3.7673078,1.6858411,0.13703239,0.97756755,9.548975309299006,1.0
1607,39.4375,238.5625,9.121076,15.6523695,25.135452,17.868479,5.364461,2.5589602,0.19977087,1.4598007,25.116623145323423,1.0
1608,39.4375,238.6875,7.780546,13.5950775,23.333076,16.268421,7.5717773,3.7095854,0.24563847,2.1555042,53.32275098020931,2.0
1609,39.4375,238.8125,7.1672173,12.584053,22.419666,15.490998,8.657129,4.186223,0.28629285,2.418717,82.55496967159925,2.0
1610,39.4375,238.9375,7.0868874,12.46866,22.268055,15.357073,9.230202,4.143219,0.30811638,2.384279,94.67947990554053,2.0
1611,39.4375,239.0625,4.5603914,10.119968,19.85401,12.889484,9.517207,4.4860916,0.4090213,2.7711008,102.96467776788074,2.0
1612,39.4375,239.1875,4.3062286,9.466076,19.747366,12.879426,9.578485,4.653759,0.46821347,2.9063408,107.7490765296711,2.0
1613,39.4375,239.3125,3.1178327,7.5927176,18.420422,11.852736,10.040199,4.7102404,0.57019126,3.002503,89.7554406247209,2.0
1614,39.4375,239.4375,0.5038034,5.178592,15.82501,9.180645,9.678384,4.4382305,0.5963501,2.9531112,62.2198207536564,2.0
1615,39.4375,239.5625,-1.9235513,3.814828,14.043723,6.995302,9.073102,4.27472,0.64929837,2.95676,80.41844431742251,2.0
1616,39.4375,239.6875,-3.5379646,3.2149577,13.216523,5.8213058,6.7446966,3.4495132,0.6112009,2.3738973,69.28177895109337,2.0
1617,39.4375,239.8125,-3.0935113,3.8426538,13.754024,6.34511,4.5892997,2.1916986,0.48231944,1.5384153,33.5759768191848,2.0
1618,39.4375,239.9375,-2.253258,4.9974837,14.9232235,7.376314,3.7422593,1.8290765,0.4599681,1.2857587,28.50690832213431,1.0
1619,39.5625,236.3125,8.719621,11.090458,14.727329,12.948752,7.856366,3.37069,0.30009416,2.3284009,125.37914201952461,2.0
1620,39.5625,236.4375,7.160058,10.310048,15.297189,12.287841,10.1941395,3.9563155,0.28785676,2.81369,96.2917599951422,2.0
1621,39.5625,236.5625,6.068143,10.084192,16.553469,12.199166,11.131832,4.0878677,0.28201607,2.8736515,44.810023882117505,1.0
1622,39.5625,236.6875,5.977841,10.437328,17.648071,12.614433,10.085509,3.8613143,0.31572843,2.5837193,54.753732179566605,2.0
1623,39.5625,236.8125,4.8360724,9.833229,17.860838,12.046665,8.423599,3.2258584,0.38817534,2.0354772,33.55777191375617,1.0
1624,39.5625,236.9375,3.7822373,9.174065,17.799505,11.437833,8.631667,3.2003174,0.45948783,1.8951347,34.36044322832947,1.0
1625,39.5625,237.0625,0.69310206,6.3582,15.386305,8.679332,8.423379,2.910702,0.47988537,1.7756181,50.47988066801371,2.0
1626,39.5625,237.1875,2.0344002,8.340569,18.10394,10.777964,6.917139,2.5247035,0.31333447,1.715502,72.11929040738386,2.0
1627,39.5625,237.3125,1.9349318,8.46907,18.533377,10.932664,5.4556923,1.8176109,0.27365363,1.119088,65.80495031476582,2.0
1628,39.5625,237.4375,7.54353,14.205571,24.57871,16.707031,3.3437831,1.2660081,0.20798995,0.83775026,10.838169150926086,1.0
1629,39.5625,237.5625,8.242866,15.059863,24.96204,17.411535,2.9199467,1.1097019,0.18293774,0.8057154,7.785494631766215,1.0
1630,39.5625,237.6875,9.029939,16.155077,25.243397,18.25631,2.793753,1.1143721,0.14974181,0.78641534,1.5799527458920246,1.0
1631,39.5625,238.4375,9.224178,16.084894,25.591114,18.084518,5.21551,2.457806,0.199705,1.4213734,17.968145244935744,1.0
1632,39.5625,238.5625,8.689079,15.1607275,24.794907,17.469788,6.6185856,3.104596,0.22359267,1.7852558,35.50977302851728,2.0
1633,39.5625,238.6875,7.872643,13.677214,23.465162,16.445822,8.659929,4.07739,0.29081643,2.4200988,72.64239742476931,2.0
1634,39.5625,238.8125,6.137106,11.146199,21.045353,14.433355,10.496729,4.9411106,0.3900732,3.0420065,107.03929429256412,2.0
1635,39.5625,238.9375,5.810936,10.610752,20.546804,14.047319,10.899362,5.076521,0.4076383,3.1323059,118.43830983434134,2.0
1636,39.5625,239.0625,3.4902663,9.047738,18.710896,11.83232,10.369479,4.9352126,0.47687405,3.117328,107.13734892631571,2.0
1637,39.5625,239.1875,2.2887626,8.333124,17.695883,10.601419,9.484396,4.5109253,0.5188366,2.8759382,119.2664456384927,2.0
1638,39.5625,239.3125,1.5913589,6.9825096,17.168306,10.250719,9.147944,4.2791505,0.5761223,2.7351947,98.81953670329567,2.0
1639,39.5625,239.4375,0.44305542,5.9805627,16.187527,9.203218,8.733219,3.9778273,0.62747824,2.77234,89.89483189755082,2.0
1640,39.5625,239.5625,-1.8543357,4.948452,14.75416,7.3022757,6.7667174,3.0052774,0.5726268,2.2366126,78.42779395763068,2.0
1641,39.5625,239.6875,-1.2990813,5.990946,15.709168,8.1001215,4.9593105,2.2715375,0.49094617,1.6570984,34.76667776639472,2.0
1642,39.5625,239.8125,-2.5993266,4.600272,14.425779,6.868801,5.1692185,2.4967775,0.5531459,1.7525582,26.96480153664066,1.0
1643,39.5625,239.9375,-2.9377718,4.527099,14.638922,6.5390463,3.6452532,1.8113472,0.48557115,1.2592258,32.971322477081735,1.0
1644,39.6875,236.3125,6.819792,9.981422,14.894409,11.893055,11.380461,4.6215844,0.37466726,3.3921943,108.27167335659526,2.0
1645,39.6875,236.4375,5.2416506,8.941821,14.72015,10.903165,12.676492,5.0322804,0.41202322,3.6885672,75.16023145026989,2.0
1646,39.6875,236.5625,5.443007,10.032139,17.131365,12.031567,10.517099,3.991071,0.31896383,2.7927008,50.56501120534471,2.0
1647,39.6875,236.6875,5.552695,10.706175,18.643951,12.704461,8.224968,3.476481,0.2831007,2.4421823,38.131098655520546,1.0
1648,39.6875,236.8125,5.5772486,11.009977,19.391306,13.027922,7.886618,3.2828534,0.252468,2.2763817,20.899078660099683,1.0
1649,39.6875,236.9375,3.9818363,9.720314,18.665857,11.861217,8.247174,3.560235,0.49760696,2.660151,42.79746921743557,1.0
1650,39.6875,237.0625,1.3796905,7.23205,16.395412,9.472744,8.896673,3.1704314,0.6012559,2.1397648,61.14649974210655,2.0
1651,39.6875,237.1875,-0.08818853,6.173619,15.956899,8.530504,9.362391,3.3215609,0.50106424,2.1037583,55.32205780108795,2.0
1652,39.6875,237.3125,4.141032,10.908588,20.922386,13.269197,4.834983,1.9253584,0.20874348,1.1035149,32.63019761759035,1.0
1653,39.6875,237.4375,7.373153,14.169591,24.231205,16.537594,3.2380447,1.3137887,0.19961673,0.8564416,10.461024157913787,1.0
1654,39.6875,237.5625,8.220208,15.16794,24.965153,17.411469,3.0684488,1.2276626,0.19223598,0.8321296,10.359767299139902,1.0
1655,39.6875,237.6875,8.928363,16.18227,25.55755,18.16806,2.9929109,1.2123265,0.1527573,0.8350972,3.934472254100337,1.0
1656,39.6875,238.3125,9.991805,16.457813,26.210768,18.918877,5.294117,2.4638689,0.2083146,1.3508985,10.876873444320323,1.0
1657,39.6875,238.4375,9.417427,15.715476,25.712166,18.393465,7.7850018,3.5944104,0.28248936,1.9967304,24.930897490246682,1.0
1658,39.6875,238.5625,7.812242,14.063377,24.004896,16.71026,8.7573185,4.0721684,0.31350476,2.3304834,80.22791579682126,2.0
1659,39.6875,238.6875,6.361149,12.208351,22.100452,15.029725,9.752332,4.460693,0.35918653,2.5976248,100.26978882307743,2.0
1660,39.6875,238.8125,4.2612896,9.717859,19.424774,12.616858,11.496055,5.2674365,0.48067683,3.2781665,105.0817161081749,2.0
1661,39.6875,238.9375,2.6328962,7.995533,17.675465,10.89059,11.098176,5.2291384,0.548733,3.5198836,111.15345713187776,2.0
1662,39.6875,239.0625,1.70317,7.351508,16.93552,10.015022,9.478261,4.4796467,0.5634704,3.0498757,109.17403882661074,2.0
1663,39.6875,239.1875,0.39737704,6.0505486,15.822109,8.868087,8.056695,3.8863208,0.59146833,2.623192,117.74311649243954,2.0
1664,39.6875,239.3125,-0.51901597,5.35809,15.276964,8.190919,8.146703,3.637363,0.583349,2.3236377,89.17239303499613,2.0
1665,39.6875,239.4375,-0.30270895,6.033997,15.833187,8.566985,7.4551983,3.2816203,0.5588268,2.233282,92.96115901277585,2.0
1666,39.6875,239.5625,0.57864296,7.3099933,17.099236,9.665982,3.3842793,1.5205165,0.3721716,1.0215125,40.99134336456919,2.0
1667,39.6875,239.6875,0.5230399,7.6530457,17.373213,9.756712,3.3965864,1.5470823,0.33996284,0.9393355,12.135525422086934,1.0
1668,39.6875,239.8125,-0.9238967,6.4781303,16.328156,8.472708,3.7357306,1.705619,0.50799805,1.2544765,13.63235286181524,1.0
1669,39.6875,239.9375,-0.7548665,6.9605494,17.213997,8.696369,2.5983956,1.261887,0.486158,0.8776039,9.465396292078045,1.0
1670,39.8125,236.1875,7.8300514,11.248746,16.685698,13.305391,10.754149,4.375872,0.38028628,3.0661151,101.6274313746085,2.0
1671,39.8125,236.3125,6.294131,10.1922865,16.213455,12.201823,12.4618635,4.7980065,0.36627188,3.2530408,92.33752281756479,2.0
1672,39.8125,236.4375,5.038576,9.610729,16.576813,11.570023,11.7313795,4.549834,0.3834517,3.0388038,56.10154676086952,2.0
1673,39.8125,236.5625,5.1565714,10.360918,18.263525,12.2975,10.334867,3.995858,0.3330801,2.7424371,42.58783711670822,2.0
1674,39.8125,236.6875,4.7518816,10.562187,19.327465,12.471989,9.082112,3.6022654,0.2985099,2.505669,37.43685923304774,1.0
1675,39.8125,236.8125,6.117559,12.058491,21.018673,13.960544,8.373051,3.3188396,0.2653956,2.2712545,25.214335853976785,1.0
1676,39.8125,236.9375,4.012102,9.928729,18.965143,11.950666,10.311318,4.321402,0.40432528,2.9767666,32.145503690008404,1.0
1677,39.8125,237.0625,0.9690122,6.9141994,16.109352,9.069188,10.594331,5.6671567,0.47751373,3.4181936,63.47433933667689,2.0
1678,39.8125,237.1875,1.8065227,8.4798355,18.001259,10.580012,8.561125,3.5907273,0.3492692,2.1053352,64.8323513571276,2.0
1679,39.8125,237.3125,3.3983328,10.230972,19.866663,12.380001,6.055181,3.1383958,0.345721,1.6216649,37.930481670628964,1.0
1680,39.8125,237.4375,7.642743,14.741543,24.566273,16.90349,3.3562326,1.5163753,0.21413225,0.95843613,11.908543443177974,1.0
1681,39.8125,237.5625,8.367451,15.5917845,25.242996,17.649204,3.1402166,1.3777689,0.2092393,0.88660336,13.015406002765198,1.0
1682,39.8125,237.6875,8.82382,16.23836,25.621277,18.11958,3.0705068,1.3235778,0.18351497,0.87859005,6.251351150732352,1.0
1683,39.8125,237.8125,9.112858,16.635971,25.841822,18.403183,2.9906566,1.2790544,0.1742026,0.8722723,6.062747112256875,1.0
1684,39.8125,238.1875,9.706502,16.233337,25.819027,18.576702,5.4153414,2.4176571,0.22792846,1.3503478,13.50500147900557,1.0
1685,39.8125,238.3125,8.734205,14.9090805,24.750008,17.512375,7.6237864,3.4937277,0.31370875,2.0891092,36.12598447933555,2.0
1686,39.8125,238.4375,7.3121433,13.2366905,23.192953,16.052116,8.930493,4.2024627,0.37637508,2.6782827,61.31993300227449,2.0
1687,39.8125,238.5625,5.706637,11.778194,21.695087,14.493832,9.776965,4.5221334,0.40411225,2.7367122,79.83111462566673,2.0
1688,39.8125,238.6875,3.5461214,9.459456,19.35591,12.229864,9.646458,4.5415483,0.44113356,2.6586773,118.95642162314638,2.0
1689,39.8125,238.8125,1.9274057,7.8638196,17.542068,10.428096,9.139835,4.012176,0.44918332,2.5308661,115.09980856909729,2.0
1690,39.8125,238.9375,1.5643897,7.771249,17.205557,9.959026,7.9845824,3.6231666,0.46366006,2.430441,113.57643592714466,2.0
1691,39.8125,239.0625,0.76304066,7.0470104,16.365278,9.138891,7.9436917,3.6281576,0.55045104,2.500888,110.62736987974523,2.0
1692,39.8125,239.1875,0.11142493,6.506573,15.874835,8.567656,8.069429,3.9153218,0.6001318,2.644604,105.67985696924585,2.0
1693,39.8125,239.3125,0.7963759,7.3660035,16.86899,9.514219,7.3492136,3.429541,0.5380178,2.3317897,81.91718123875363,2.0
1694,39.8125,239.4375,-0.14907327,6.6651316,16.268547,8.810718,4.6541457,2.1354876,0.4451732,1.5358758,55.71568877258302,2.0
1695,39.8125,239.5625,-0.07654503,6.856235,16.45788,8.946423,3.2037573,1.512304,0.40208226,1.0523319,26.21360473347662,2.0
1696,39.8125,239.6875,0.47709405,7.528778,17.32699,9.615102,2.3777575,1.1363273,0.34845573,0.78611356,8.666246950687013,1.0
1697,39.8125,239.8125,0.43329987,7.8634887,17.884499,9.747147,2.1139998,0.992599,0.40521276,0.7631613,8.864067696999596,1.0
1698,39.8125,239.9375,0.5715722,8.263365,18.467041,9.943326,1.9062016,0.952397,0.4388373,0.7028782,2.9959879575526482,1.0
1699,39.9375,236.0625,7.75897,11.062883,16.496357,13.246016,10.948741,4.9644957,0.45135733,3.3288782,111.8668934164087,2.0
1700,39.9375,236.1875,6.958869,11.158933,17.663595,13.234538,11.101303,4.657695,0.3871441,3.267263,92.31226023095248,2.0
1701,39.9375,236.3125,5.2655687,9.793685,16.737598,11.8584585,14.330816,5.1249056,0.31857112,3.4321315,68.87399252585367,2.0
1702,39.9375,236.4375,4.360269,9.094369,16.358238,11.139613,12.96835,4.6072726,0.31272924,3.0268853,47.862455034119094,2.0
1703,39.9375,236.5625,5.6034026,10.934063,19.00432,12.896766,10.086056,3.947124,0.34826872,2.6818588,32.963139649918084,1.0
1704,39.9375,236.6875,4.366335,10.143335,18.870712,12.070315,11.706103,4.504924,0.3480808,3.1255302,60.78272312558204,2.0
1705,39.9375,236.8125,2.5175347,8.42264,17.308674,10.343933,13.240983,5.1286697,0.39008167,3.3363972,55.65530131697417,2.0
1706,39.9375,236.9375,1.4048344,7.470411,16.674332,9.458085,11.946392,4.9390383,0.44604895,3.100273,58.828908172288116,2.0
1707,39.9375,237.0625,-0.06043262,6.344315,15.961024,8.360702,10.096579,4.66223,0.4457785,2.8310332,73.74860497307677,2.0
1708,39.9375,237.1875,0.71020055,7.376553,17.227482,9.445918,7.88898,3.2152991,0.5313319,2.069077,42.19910618086069,2.0
1709,39.9375,237.3125,2.0332668,8.967724,18.807842,11.03487,6.080269,2.8568974,0.4436513,1.6784089,40.41969066774546,2.0
1710,39.9375,237.4375,7.6721,14.8876295,24.762333,16.973152,3.4074068,1.573061,0.2440704,0.9575895,10.457721833024975,1.0
1711,39.9375,237.5625,8.511393,15.805827,25.629442,17.853907,3.178096,1.4465098,0.22073337,0.90261304,12.060491194430206,1.0
1712,39.9375,237.6875,8.988313,16.340752,26.102932,18.338995,3.1295946,1.3829907,0.1755699,0.882919,6.317079692335188,1.0
1713,39.9375,237.8125,9.281131,16.670511,26.278156,18.588182,3.1573725,1.3552182,0.16298923,0.8700177,3.8214595321074203,1.0
1714,39.9375,238.0625,9.824936,16.493595,26.038969,18.751831,4.551011,1.9090161,0.19210558,1.083708,11.348560649112013,1.0
1715,39.9375,238.1875,8.231255,14.486289,24.197025,17.00505,7.1021543,3.2335813,0.32199425,2.0282621,21.032065628017712,1.0
1716,39.9375,238.3125,6.4401064,12.301913,22.131449,15.037973,8.473363,3.8153372,0.42568582,2.5775034,82.17775866078068,2.0
1717,39.9375,238.4375,5.034892,10.811807,20.681072,13.61403,9.479346,4.3927526,0.45512226,2.9736376,96.57270194109762,2.0
1718,39.9375,238.5625,2.1997323,8.254311,18.221645,10.962771,8.850161,4.0678444,0.4769202,2.8307438,77.7864620172782,2.0
1719,39.9375,238.6875,2.978327,9.409563,19.293934,11.821101,7.4747343,4.007891,0.45769462,2.3158317,62.64250781803201,2.0
1720,39.9375,238.8125,-0.4902781,6.2237124,15.898658,8.292299,6.312623,3.4186468,0.4347825,2.2368307,106.30826351805557,2.0
1721,39.9375,238.9375,1.3864499,8.235564,17.560713,9.986929,6.2309947,2.7711139,0.39505228,1.8383508,109.71092629901212,2.0
1722,39.9375,239.0625,1.7425449,8.720448,17.756172,10.193026,5.887474,2.6730952,0.40332347,1.7959217,95.57096332199946,2.0
1723,39.9375,239.1875,0.93533945,7.846065,17.090294,9.509655,6.008578,2.9348097,0.4624715,1.8599535,86.55697690982697,2.0
1724,39.9375,239.3125,-1.3342657,5.514783,15.040451,7.477486,6.684184,2.7526238,0.587185,2.2680821,84.54445380038864,2.0
1725,39.9375,239.4375,-1.3905376,5.585,15.205106,7.570583,4.984607,1.989773,0.51075613,1.5876807,50.51185509449851,2.0
1726,39.9375,239.5625,-0.9462996,6.183276,15.864555,8.103763,3.2580016,1.4069141,0.45732749,1.072062,24.41673270154679,1.0
1727,39.9375,239.6875,-2.159185,5.223045,15.1538315,7.074891,2.5528572,1.228592,0.53809845,0.9467795,32.534381590917924,2.0
1728,39.9375,239.8125,-1.5247036,6.2352123,16.469475,7.859387,1.8995339,1.0291355,0.483467,0.8052746,31.82563682213819,2.0
1729,39.9375,239.9375,0.13991088,8.034648,18.39505,9.564249,1.9083109,0.97071594,0.43779778,0.77183735,16.643529500278753,1.0
1730,40.0625,235.9375,8.012113,10.348067,14.672021,12.750232,11.664698,5.8611293,0.48853406,3.9133744,109.17397161526999,2.0
1731,40.0625,236.0625,7.4693336,10.947894,16.624107,13.182941,11.042922,4.96578,0.398211,3.2426202,92.04486994126474,2.0
1732,40.0625,236.1875,7.054421,11.854888,19.106926,13.917719,11.370889,4.721724,0.34805477,3.2078056,85.38860984249389,2.0
1733,40.0625,236.3125,5.474474,10.42305,17.937145,12.521261,12.567049,5.007007,0.37040687,3.3352058,46.53785288622582,2.0
1734,40.0625,236.4375,6.299695,11.386876,19.126665,13.477205,10.873896,4.351719,0.32458776,2.9374223,33.642454354352246,1.0
1735,40.0625,236.5625,4.500833,9.875076,18.072117,11.919131,10.112077,4.0426,0.2996487,2.5188391,41.89883025358652,1.0
1736,40.0625,236.6875,4.105322,9.745914,18.273794,11.71711,9.158533,3.7345135,0.30199218,2.462411,51.9615711336731,2.0
1737,40.0625,236.8125,1.3886777,7.2724204,16.239239,9.241256,11.807514,4.928459,0.4150702,2.7276657,76.57002537465499,2.0
1738,40.0625,236.9375,-0.5953999,5.6074257,14.96735,7.5844684,10.256519,4.5301476,0.4387174,2.344173,50.032724546168886,1.0
1739,40.0625,237.0625,-1.7002107,4.7783313,14.467762,6.774847,8.239427,3.4259183,0.38552856,2.711853,42.74347812278757,2.0
1740,40.0625,237.1875,0.03244503,6.7379704,16.641975,8.744093,7.5156336,2.8566191,0.4223962,2.5357664,40.94083866942466,2.0
1741,40.0625,237.3125,3.6612005,10.612542,20.555885,12.613405,5.326126,1.9707232,0.36655056,1.5205472,32.6933740247854,1.0
1742,40.0625,237.4375,7.851356,15.050147,25.23163,17.111984,3.7160702,1.5146539,0.27628508,0.96136165,13.909173708859788,1.0
1743,40.0625,237.5625,8.777502,16.071638,26.32422,18.140375,3.4493306,1.4872414,0.24644735,0.93825054,12.916372705412089,1.0
1744,40.0625,237.6875,9.299135,16.630077,26.956522,18.733547,3.1854014,1.4336363,0.20692873,0.9289462,8.223889209049423,1.0
1745,40.0625,237.9375,9.651671,16.74316,26.76902,18.886856,3.4389155,1.5353591,0.18899366,0.96444225,9.739462655596393,1.0
1746,40.0625,238.0625,8.434839,15.2571,25.115255,17.488363,4.975757,2.3500738,0.26807767,1.4999086,,1.0
1747,40.0625,238.1875,7.464407,13.428441,23.413925,16.160933,7.1906424,3.2982502,0.39260006,2.2596114,,1.0
1748,40.0625,238.3125,5.4077735,11.228682,21.061491,13.996372,8.322716,3.816329,0.5036243,2.7289276,,2.0
1749,40.0625,238.4375,2.7895079,8.632321,18.578295,11.427177,7.9143076,3.7913408,0.6319323,2.768322,,2.0
1750,40.0625,238.5625,-0.7944724,5.4082613,15.431104,8.044845,7.127147,3.9165134,0.616065,2.5644302,,2.0
1751,40.0625,238.6875,-0.22316702,6.5097337,16.463093,8.79694,6.762767,3.742728,0.4626944,2.2185936,,1.0
1752,40.0625,238.8125,2.1966383,9.158274,19.174685,11.342869,5.7001595,2.6103687,0.4221712,1.6046834,,1.0
1753,40.0625,238.9375,1.1144434,8.268946,18.218407,10.268365,5.5628767,2.5755067,0.4288029,1.6130862,,2.0
1754,40.0625,239.0625,1.3000487,8.531385,18.171297,10.275294,5.5187926,2.576734,0.44065532,1.6312811,,2.0
1755,40.0625,239.1875,0.56868744,7.8740234,17.510654,9.554224,5.2552853,2.5964174,0.46139476,1.5737674,,2.0
1756,40.0625,239.3125,0.042625993,7.486263,17.215578,9.143052,4.8807864,2.1421335,0.4953159,1.5573359,,2.0
1757,40.0625,239.4375,-1.1681353,6.4132686,16.217333,7.9907146,3.9356327,1.6166419,0.48117778,1.2757362,,2.0
1758,40.0625,239.5625,-1.4437208,6.246251,16.186632,7.8277683,3.2436075,1.3918815,0.5017569,1.0887482,,2.0
1759,40.0625,239.6875,-2.105164,5.7037106,15.838109,7.2601147,2.6540651,1.2754714,0.55097765,1.0403161,,1.0
1760,40.0625,239.8125,0.080759406,7.9805713,18.277018,9.52896,1.8031795,0.9159647,0.43583038,0.7180165,,1.0
1761,40.0625,239.9375,1.4096161,9.380797,19.801262,10.8910055,1.789868,0.88708395,0.45476162,0.70722276,,1.0
1762,40.1875,235.8125,7.389749,10.146166,14.90482,12.422537,13.761394,5.5774584,0.41622755,4.219284,89.91443904212689,2.0
1763,40.1875,235.9375,7.4085894,10.4679365,15.614321,12.727368,12.388804,5.295746,0.4201049,3.9204679,113.14450537618676,2.0
1764,40.1875,236.0625,7.052031,10.685906,16.51942,12.879567,10.725094,4.417861,0.40320942,3.4988077,77.07953392421491,2.0
1765,40.1875,236.1875,7.4540052,11.79061,18.520824,13.945565,10.062488,4.3183804,0.37977102,2.9891646,78.92781557090055,2.0
1766,40.1875,236.3125,5.973146,10.754414,18.095793,12.90473,10.177747,4.154362,0.3647495,2.7609808,59.50536765824524,2.0
1767,40.1875,236.4375,5.9633203,10.973384,18.625593,13.101429,10.078324,4.3437133,0.37726954,2.7568767,61.14847425153948,2.0
1768,40.1875,236.5625,3.1075304,8.642521,16.999144,10.640064,9.64747,4.251151,0.36189932,2.6054153,85.34152220056579,2.0
1769,40.1875,236.6875,3.208509,9.121462,17.970774,11.055305,9.584006,4.5244813,0.34561154,2.6475286,81.85796508908663,2.0
1770,40.1875,236.8125,1.6451873,7.8931346,17.210173,9.802912,11.793818,5.494063,0.3642062,2.9692478,99.78371000321206,2.0
1771,40.1875,236.9375,0.31049916,6.720575,16.320704,8.618519,12.661495,5.6115522,0.4498517,3.37893,80.47618920052383,2.0
1772,40.1875,237.0625,-0.78438896,5.716714,15.517569,7.6885257,7.917186,3.477616,0.35182434,2.6170986,57.75141132863434,2.0
1773,40.1875,237.1875,2.755523,9.5355215,19.673832,11.556399,5.673447,2.2651465,0.3373087,1.8785686,37.64072207997353,1.0
1774,40.1875,237.3125,7.0924344,14.10626,24.509266,16.205671,4.5460196,1.7384605,0.35566047,1.1973114,11.474368820778558,1.0
1775,40.1875,237.4375,8.32388,15.515301,25.938295,17.648712,4.0735826,1.5077412,0.33283988,0.9811739,17.543261007046,1.0
1776,40.1875,237.5625,8.946611,16.215881,26.670763,18.34978,3.8483176,1.5384915,0.28251615,0.9883277,15.569658275552545,1.0
1777,40.1875,237.6875,9.368959,16.712238,27.180841,18.828665,3.3983097,1.5443721,0.22955628,0.9754354,15.518543802015547,1.0
1778,40.1875,237.8125,9.58021,16.875494,27.33129,19.010386,3.351102,1.5432323,0.22871518,1.0180029,10.54548201587934,1.0
1779,40.1875,237.9375,8.958059,15.892215,26.193466,18.170973,3.7537856,1.8882818,0.27343315,1.2252898,14.257139057862727,1.0
1780,40.1875,238.0625,8.027642,14.273504,24.518711,16.887928,5.0003877,2.558229,0.36095393,1.7120016,,1.0
1781,40.1875,238.1875,6.566757,12.395793,22.503155,15.204916,6.3358984,3.159765,0.4410448,2.1946182,,1.0
1782,40.1875,238.3125,4.361241,9.884682,19.928335,12.85877,7.357269,3.7041109,0.5698041,2.5859168,,1.0
1783,40.1875,238.4375,2.2019567,7.849404,17.849644,10.746358,6.9493933,3.6403525,0.7027836,2.5719142,,2.0
1784,40.1875,238.5625,-1.025477,5.2353783,15.283996,7.8635836,6.6567483,3.760685,0.8715831,2.5670333,,2.0
1785,40.1875,238.6875,-0.5075945,6.282039,16.310251,8.604411,5.656232,2.8061247,0.49054495,1.6140038,,2.0
1786,40.1875,238.8125,0.73088795,7.769,18.02011,10.074139,5.4807887,2.5038123,0.4282421,1.5490693,,2.0
1787,40.1875,238.9375,0.07393712,7.2335267,17.657166,9.558201,5.6128197,2.5433538,0.4285174,1.5522022,,2.0
1788,40.1875,239.0625,0.3747862,7.6693544,17.838821,9.714863,5.6304502,2.7355196,0.4606013,1.6402867,,2.0
1789,40.1875,239.1875,0.3569687,7.876482,17.942812,9.65239,5.496751,2.5237334,0.48149607,1.6101245,,1.0
1790,40.1875,239.3125,-1.821149,5.965109,16.074667,7.530819,4.715637,2.0380478,0.50110334,1.4024065,,1.0
1791,40.1875,239.4375,-1.4371997,6.473936,16.534325,7.9296465,4.212807,1.7017764,0.52560055,1.4362563,,2.0
1792,40.1875,239.5625,-0.6729422,7.3222256,17.465809,8.742342,3.0466886,1.233654,0.5046796,1.0353352,,1.0
1793,40.1875,239.6875,1.6893235,9.749944,19.949219,11.115438,1.6330765,0.74200845,0.38999933,0.5819944,,1.0
1794,40.1875,239.8125,2.3382561,10.516462,20.933062,11.902201,1.142954,0.55682063,0.309277,0.39285302,,1.0
1795,40.1875,239.9375,2.3123217,10.531813,21.077604,11.920329,1.055296,0.52875113,0.276752,0.36918622,,1.0
1796,40.3125,235.6875,8.376877,11.0331135,15.610256,13.244498,12.411317,5.0646977,0.355957,3.7095623,70.70739657050419,2.0
1797,40.3125,235.8125,7.506805,10.28676,14.990139,12.522517,13.372368,5.126133,0.40605292,3.7766433,87.33940453967759,2.0
1798,40.3125,235.9375,6.1437664,9.101939,13.986856,11.311304,12.930141,5.0557113,0.44365257,3.7611709,124.17265921919584,2.0
1799,40.3125,236.0625,6.975995,10.465153,16.002539,12.589592,10.348715,4.302254,0.42060426,3.2778795,141.28548311293667,2.0
1800,40.3125,236.1875,6.8429904,10.859164,17.06849,12.940546,9.126579,4.114442,0.36682174,2.8286915,101.12709322113051,2.0
1801,40.3125,236.3125,6.097585,10.738011,17.737007,12.766966,8.987434,3.9130936,0.35887486,2.674419,63.100184791743246,2.0
1802,40.3125,236.4375,1.7150464,6.8466578,14.553689,8.843753,9.323209,4.357708,0.43265018,2.8862898,100.81937471332996,2.0
1803,40.3125,236.5625,1.8264278,7.7818675,16.518238,9.653263,9.215604,4.3330317,0.36814654,2.7019048,96.96661976455545,2.0
1804,40.3125,236.6875,1.2432959,7.576775,16.751255,9.405966,8.975952,4.454945,0.35969874,2.7899797,110.67188880128346,2.0
1805,40.3125,236.8125,1.0855969,7.6599164,17.30184,9.516602,9.126338,4.411717,0.41139284,2.7087622,87.22282672101686,2.0
1806,40.3125,236.9375,0.8710649,7.4564233,17.27869,9.318502,7.1612225,3.4875557,0.42548528,2.3225002,64.0131699122165,2.0
1807,40.3125,237.0625,3.0124993,9.7202635,19.770906,11.600338,5.73221,2.6228662,0.37688664,1.7818817,41.02311150937547,1.0
1808,40.3125,237.1875,5.875501,12.683338,22.87239,14.653274,5.1266184,2.0243018,0.34501448,1.512406,12.569382101707655,1.0
1809,40.3125,237.3125,7.892503,14.869346,25.30384,17.016943,4.730713,1.9061958,0.3643649,1.2293955,11.148351712814565,1.0
1810,40.3125,237.4375,8.87877,15.960186,26.549557,18.22621,4.3327727,1.7165116,0.3677106,1.1033187,16.63370123463441,1.0
1811,40.3125,237.5625,9.361652,16.531057,27.174845,18.807747,4.153266,1.6952149,0.35093072,1.129836,21.105662387135258,1.0
1812,40.3125,237.6875,9.516784,16.690796,27.308033,18.951382,3.9941962,1.7428826,0.29754987,1.1713017,17.719947462033918,1.0
1813,40.3125,237.8125,9.79725,16.878933,27.466154,19.178955,3.6393898,1.7024215,0.26443177,1.1489753,12.754394545052994,1.0
1814,40.3125,237.9375,9.30588,15.905036,26.31664,18.382793,3.9012697,2.0236042,0.30347666,1.3168025,14.62163168407239,1.0
1815,40.3125,238.0625,7.860945,13.890806,24.210032,16.64906,4.4430447,2.4845166,0.37774667,1.6066707,,1.0
1816,40.3125,238.1875,5.8968096,11.6266775,21.817686,14.511498,5.638356,3.0971618,0.52736413,2.0916023,,1.0
1817,40.3125,238.3125,2.1600747,7.5896487,17.582443,10.576969,6.948509,3.8264086,0.7750893,2.6426198,,2.0
1818,40.3125,238.4375,0.37500605,5.7852197,15.721097,8.759573,6.8881645,3.7329724,0.74879336,2.589624,,2.0
1819,40.3125,238.5625,0.2862516,6.2433286,16.308187,9.024255,6.0533223,3.2103095,0.6294896,2.0653286,,2.0
1820,40.3125,238.6875,-0.055688687,6.6734114,16.73671,9.081383,5.326521,2.6733148,0.5361395,1.6592017,,2.0
1821,40.3125,238.8125,0.3412043,7.3094263,17.341301,9.569943,5.421103,2.472633,0.48907164,1.5112189,,2.0
1822,40.3125,238.9375,-0.2941027,6.8974094,17.07419,9.039404,5.7565584,2.4677682,0.47351226,1.3181236,,2.0
1823,40.3125,239.0625,-0.5367097,6.9117575,17.141247,8.846697,5.7421193,2.524476,0.4901475,1.4250133,,2.0
1824,40.3125,239.1875,-1.9112166,5.966541,16.286606,7.585092,5.296746,2.246444,0.49984235,1.3587496,,2.0
1825,40.3125,239.3125,-1.9974905,6.21549,16.650063,7.601551,4.325113,1.9986322,0.59329593,1.2658153,,2.0
1826,40.3125,239.4375,-0.46393073,7.819271,18.22272,9.139513,2.795632,1.2569113,0.47420532,0.9582494,,2.0
1827,40.3125,239.5625,1.5833697,9.8996,20.279486,11.181716,1.7048765,0.6994656,0.3744509,0.56668,,1.0
1828,40.3125,239.6875,1.8513443,10.302077,20.649162,11.451327,1.2475183,0.55380464,0.36961216,0.4248486,,1.0
1829,40.3125,239.8125,1.3840524,9.840619,20.307404,11.038373,1.2027341,0.5608247,0.3473958,0.3689969,,1.0
1830,40.3125,239.9375,0.23676029,8.746196,19.403913,9.968419,1.3119478,0.6313568,0.36437044,0.42254978,,1.0
1831,40.4375,235.6875,7.520412,9.939732,14.19276,12.136757,9.040509,4.220142,0.4101754,2.9180467,68.51922472947018,2.0
1832,40.4375,235.8125,6.771028,9.25592,13.583527,11.547599,9.768595,4.1083612,0.4956408,2.786123,94.35476785373723,2.0
1833,40.4375,235.9375,7.1604104,9.739841,14.1498575,12.041275,8.859445,3.9003887,0.41629887,2.7463439,110.07641223040861,2.0
1834,40.4375,236.0625,7.5435586,10.763898,15.760288,12.7790165,8.176987,4.0205736,0.40603942,2.7384489,117.03173471317095,2.0
1835,40.4375,236.1875,5.9679413,9.883619,15.746586,11.829259,8.814861,4.0685406,0.40273142,2.829074,77.40389584408757,2.0
1836,40.4375,236.3125,3.5220568,8.215342,15.144953,10.135601,8.800165,3.778737,0.39890417,2.7166905,69.32083369118286,2.0
1837,40.4375,236.4375,2.2177055,7.5919986,15.374116,9.466277,8.161126,3.591793,0.3876211,2.672443,79.74503311263629,2.0
1838,40.4375,236.5625,2.0773919,8.328814,17.346966,10.12393,8.508239,3.9534357,0.38519397,2.595709,90.97789869072795,2.0
1839,40.4375,236.6875,1.3479494,7.881055,17.229603,9.64706,10.69627,4.643967,0.3520625,2.8328795,63.33347058109425,2.0
1840,40.4375,236.8125,1.9743067,8.705463,18.427406,10.522758,8.541035,3.7823458,0.42069453,2.443836,53.00604098394922,2.0
1841,40.4375,236.9375,2.0063972,8.740171,18.626575,10.568554,6.4382753,3.1502843,0.31634164,1.7330067,69.06783678454033,1.0
1842,40.4375,237.0625,1.9310546,8.67468,18.738646,10.551916,5.3453298,2.4851255,0.33025253,1.6007835,59.05769899349931,2.0
1843,40.4375,237.1875,4.9554787,11.764421,21.984818,13.781114,5.140494,2.1712956,0.33895946,1.5800717,24.254809376880196,1.0
1844,40.4375,237.3125,7.3725696,14.294764,24.763653,16.506443,5.4572153,2.375819,0.3974551,1.464363,15.913025077413138,1.0
1845,40.4375,237.4375,9.067226,16.076138,26.76159,18.483038,4.697886,2.0714014,0.40894046,1.2315601,11.535394783463142,1.0
1846,40.4375,237.5625,9.5200615,16.681202,27.39309,19.021915,4.1891,1.8399094,0.37052995,1.2172264,20.89577388809256,1.0
1847,40.4375,237.6875,9.747309,16.96072,27.66369,19.219534,4.1758714,1.8297858,0.3136307,1.2944702,14.889233041998192,1.0
1848,40.4375,237.8125,10.091788,17.085407,27.738388,19.440786,3.7833736,1.7695975,0.30976215,1.1876267,12.726788539754041,1.0
1849,40.4375,237.9375,9.348101,15.835324,26.294785,18.39884,4.1135426,2.1113012,0.33330896,1.377319,17.05402685932805,1.0
1850,40.4375,238.0625,8.246948,14.198612,24.55615,17.01793,4.343309,2.445601,0.40651792,1.5875294,,1.0
1851,40.4375,238.1875,6.149328,11.876163,22.123184,14.764148,5.220582,3.0433552,0.54524183,1.9916302,,1.0
1852,40.4375,238.3125,2.1709752,7.618915,17.793852,10.6725025,6.218027,3.5498495,0.7704011,2.4434395,,2.0
1853,40.4375,238.4375,-1.9682114,3.394568,13.605749,6.5359545,9.439367,5.994743,1.4006491,3.9386306,,2.0
1854,40.4375,238.5625,-1.9415531,3.6777124,13.904113,6.7013273,7.0997524,3.9411018,0.7981647,2.426702,,2.0
1855,40.4375,238.6875,-1.8254828,4.370483,14.549568,7.086653,6.4402637,3.1098845,0.5601651,1.7468187,,2.0
1856,40.4375,238.8125,-2.5753791,3.9996867,14.170293,6.5104465,5.8648887,2.8264992,0.5157899,1.4167929,,2.0
1857,40.4375,238.9375,-1.5005424,5.5736575,15.879649,7.8063726,5.4467,2.5214124,0.47317702,1.3533036,,2.0
1858,40.4375,239.0625,-1.3814057,6.269328,16.59124,8.0557995,5.220147,2.1920588,0.472802,1.2792621,,2.0
1859,40.4375,239.1875,-1.8631021,6.301365,16.77543,7.754026,3.7983155,1.6909708,0.49657178,1.2263952,,2.0
1860,40.4375,239.3125,-0.566432,7.8877697,18.47772,9.147919,2.3813822,1.0216296,0.4143103,0.81728387,,2.0
1861,40.4375,239.4375,0.3042049,8.716072,19.26691,9.983478,2.055018,0.8134945,0.39044827,0.67881733,,1.0
1862,40.4375,239.5625,0.8687484,9.368509,19.857563,10.554055,1.5497335,0.63695407,0.42374474,0.53334004,,1.0
1863,40.4375,239.6875,0.2677319,8.803277,19.242605,9.937251,1.1916901,0.53356504,0.43589914,0.44549713,,1.0
1864,40.4375,239.8125,0.17494874,8.774278,19.33775,9.922847,1.4126272,0.6255578,0.503496,0.4844435,,1.0
1865,40.4375,239.9375,-0.8964343,7.7939453,18.486189,8.911609,1.794749,0.77504516,0.4747071,0.6556933,,1.0
1866,40.5625,235.6875,8.57748,10.857472,14.948584,12.958803,7.3282795,3.559699,0.3777504,2.4254117,70.35053374817493,2.0
1867,40.5625,235.8125,9.022092,11.424901,15.641289,13.615116,7.3975825,3.3161201,0.30113044,2.30442,74.62461115348673,
1868,40.5625,235.9375,8.253704,10.898197,15.368495,13.104296,7.7356787,3.7374058,0.34285265,2.500873,106.15121972719544,2.0
1869,40.5625,236.0625,6.307515,9.453425,14.371665,11.454209,8.455985,4.0273724,0.43321005,2.7997699,100.01249988866336,2.0
1870,40.5625,236.1875,4.654327,8.24082,13.692304,10.160457,8.925553,4.0447755,0.4549972,2.8550355,47.931496361092826,2.0
1871,40.5625,236.3125,3.015939,7.783316,14.838776,9.664803,9.075941,3.8435621,0.4292685,2.7858882,55.85231123734538,2.0
1872,40.5625,236.4375,1.4338841,7.146679,15.445646,8.978782,8.734846,3.6957116,0.38789773,2.77987,92.08046137136553,2.0
1873,40.5625,236.5625,2.9148118,9.227827,18.287676,10.999147,7.7626667,3.4640074,0.3600882,2.3389585,81.16462255811048,2.0
1874,40.5625,236.6875,1.7046883,8.479996,18.146198,10.264898,8.097822,3.4597685,0.3151521,2.2121096,80.42911765022015,2.0
1875,40.5625,236.8125,3.0567987,9.950264,19.75739,11.740214,5.7829127,2.3731096,0.3369806,1.7372164,54.02236475677164,1.0
1876,40.5625,236.9375,2.438742,9.332133,19.205578,11.131165,6.0519247,2.846283,0.34896344,1.7476816,46.03626207256456,1.0
1877,40.5625,237.0625,3.001219,9.890402,19.867897,11.727847,5.256527,2.398531,0.33762228,1.7687584,51.93474462910465,2.0
1878,40.5625,237.1875,1.9186292,8.794738,19.004488,10.846598,4.8255615,2.9214525,0.48855108,1.7067614,74.24426318810109,2.0
1879,40.5625,237.3125,3.2090394,10.130973,20.684174,12.500047,6.1067634,2.7395627,0.4443703,2.0320997,40.18660190570841,1.0
1880,40.5625,237.4375,7.1426497,14.069143,24.833797,16.644764,6.673629,2.9741552,0.451703,1.8800671,36.34459974309147,2.0
1881,40.5625,237.5625,9.478275,16.710571,27.390305,19.015203,4.837477,2.2731998,0.40667245,1.4725821,15.987802836290001,1.0
1882,40.5625,237.6875,9.791216,17.023556,27.72887,19.260538,4.5050793,2.045055,0.32952207,1.3892186,11.693237748978008,1.0
1883,40.5625,237.8125,9.97869,16.962543,27.70204,19.414469,4.4094067,1.963493,0.33607858,1.3457394,15.410546461050735,1.0
1884,40.5625,237.9375,9.540731,16.05303,26.686136,18.735634,5.3152065,2.5189443,0.39522022,1.668297,19.321983711352654,1.0
1885,40.5625,238.0625,7.549506,13.450484,23.862236,16.358534,5.2521315,2.905048,0.48707756,1.9326259,,2.0
1886,40.5625,238.1875,4.538247,10.288737,20.514769,13.139066,6.0651517,3.5241814,0.623451,2.3516247,,2.0
1887,40.5625,238.3125,2.3167548,7.738424,18.0874,10.882066,5.51445,3.3445005,0.7416002,2.2556815,,2.0
1888,40.5625,238.4375,0.3245291,5.4560437,16.018034,8.900731,6.5589094,4.2819843,1.1196465,2.8587496,,2.0
1889,40.5625,238.5625,-0.48713017,4.937187,15.313357,8.114362,6.544008,4.058816,0.90178967,2.4387076,,1.0
1890,40.5625,238.6875,-1.8206897,4.076554,14.266908,6.886757,5.6790776,3.2827795,0.7357382,1.8227155,,2.0
1891,40.5625,238.8125,-2.3261826,3.8637202,14.106055,6.591753,4.781569,2.210645,0.54579985,1.1648216,,2.0
1892,40.5625,238.9375,-1.4464755,5.52042,15.893841,7.801949,4.6117764,2.0614295,0.4707728,1.1789621,,2.0
1893,40.5625,239.0625,-1.9441018,5.495987,15.927756,7.461845,4.413789,2.1622124,0.565328,1.3490404,,2.0
1894,40.5625,239.1875,-1.2734947,6.77602,17.225473,8.300573,3.594142,1.6298618,0.47610912,1.0650947,,2.0
1895,40.5625,239.3125,-1.5235542,6.7197204,17.194956,8.091603,3.1405294,1.2715222,0.50693506,0.9771027,,2.0
1896,40.5625,239.4375,-0.9806139,7.34322,17.846237,8.6647,2.5060108,0.94793224,0.49079844,0.72538733,,1.0
1897,40.5625,239.5625,-0.16741492,8.219372,18.740932,9.501724,1.3860722,0.5734532,0.46661755,0.5101693,,1.0
1898,40.5625,239.6875,0.39177588,8.79501,19.318302,10.059578,1.1033573,0.49455,0.4522922,0.4160776,,1.0
1899,40.5625,239.8125,0.2578333,8.777815,19.367273,9.990699,1.1426096,0.537747,0.46985433,0.46323836,,1.0
1900,40.5625,239.9375,-0.6593427,8.030951,18.770979,9.191553,1.4412957,0.64878565,0.43833968,0.56963027,,1.0
1901,40.6875,235.8125,9.24733,11.2898035,15.124628,13.298137,6.8030233,3.234105,0.34550533,2.3115807,81.13203785853676,2.0
1902,40.6875,235.9375,8.016714,10.363935,14.534932,12.381604,8.068502,4.0055733,0.39550856,2.7298272,126.54145438377063,2.0
1903,40.6875,236.0625,5.635164,8.580834,13.440636,10.568436,8.80305,4.0340447,0.4242427,2.83602,95.29931986236434,2.0
1904,40.6875,236.1875,4.3884144,8.0495,13.7611065,9.975302,9.141874,3.9245067,0.43991464,2.9066925,87.02709598338873,2.0
1905,40.6875,236.3125,1.972998,7.021166,14.594177,8.906901,9.249283,3.964809,0.41754052,2.9785569,104.47744629691834,2.0
1906,40.6875,236.4375,2.670215,8.509897,17.012548,10.311202,8.342292,3.70401,0.36937645,2.677758,92.82635564026862,2.0
1907,40.6875,236.5625,2.6639202,9.2686405,18.566736,11.000182,7.5970626,3.4425678,0.35999534,2.4681404,82.99384196704023,1.0
1908,40.6875,236.6875,2.4302802,9.366063,19.05811,11.122511,6.8400187,3.0282483,0.36333483,2.1688075,78.27108681575052,2.0
1909,40.6875,236.8125,1.7277398,8.781552,18.59115,10.530872,5.721428,2.4181345,0.37439385,1.8602409,87.23366046886059,2.0
1910,40.6875,236.9375,2.608833,9.576709,19.464123,11.364202,6.2214117,2.2631261,0.37166172,1.9464182,75.61055303592566,2.0
1911,40.6875,237.0625,3.9652264,10.880497,20.828962,12.72373,5.570802,2.4496593,0.34853405,1.8927207,55.10416210448506,2.0
1912,40.6875,237.1875,3.5242863,10.450018,20.48277,12.342759,5.279576,2.6713696,0.37390688,1.6875106,57.85770508323974,2.0
1913,40.6875,237.3125,4.2910123,11.195874,21.563211,13.378354,6.5025263,3.0690794,0.44131622,1.8423017,52.40349662322538,2.0
1914,40.6875,237.4375,6.2175055,13.095497,23.886385,15.706347,8.196518,3.6628408,0.4341184,2.5248141,36.20038656186331,1.0
1915,40.6875,237.5625,8.740227,15.568295,26.566963,18.39135,6.6536,3.2585511,0.48964742,1.9226485,25.8232143998471,1.0
1916,40.6875,237.6875,9.283108,16.1217,26.988552,18.869024,6.273921,2.830756,0.43478984,1.7759037,27.154581865827577,1.0
1917,40.6875,237.8125,9.179955,16.048143,26.78394,18.664833,6.079562,2.7292538,0.40376016,1.7765186,20.3220907228501,1.0
1918,40.6875,237.9375,8.585203,15.333918,25.968796,17.926207,6.6577616,3.3203325,0.4686386,2.1550927,31.733965869726326,1.0
1919,40.6875,238.0625,6.2867174,12.667725,22.98825,15.24218,6.3945546,3.373062,0.57959586,2.2153084,,2.0
1920,40.6875,238.1875,2.2572322,8.544199,18.54507,10.909222,5.666123,3.2323046,0.64886624,2.1728787,,2.0
1921,40.6875,238.3125,-0.2495198,5.933206,15.9640255,8.380662,5.561237,3.430851,0.84514904,2.348785,,2.0
1922,40.6875,238.4375,-1.430472,4.6514473,14.727947,7.189403,4.0657887,2.5970922,0.7792627,1.7346095,,2.0
1923,40.6875,238.5625,1.2796204,7.417552,17.450357,9.89379,3.1477177,1.7070841,0.5458596,1.0568092,,2.0
1924,40.6875,238.6875,-0.33960906,6.1055565,16.07206,8.394393,2.9697363,1.5944251,0.47797254,0.88666385,,2.0
1925,40.6875,238.8125,-1.1786054,5.39076,15.322927,7.6051292,3.0052154,1.5895197,0.48861253,0.87827003,,2.0
1926,40.6875,238.9375,-1.7909683,5.3153305,15.484895,7.2866993,3.1897147,1.5669489,0.60452545,0.9469667,,2.0
1927,40.6875,239.0625,-1.5232979,5.894101,16.267895,7.788068,3.0909162,1.563365,0.612143,0.9569045,,2.0
1928,40.6875,239.1875,-1.4062941,6.553005,16.929596,8.107904,2.3133187,1.159664,0.45925164,0.84505177,,1.0
1929,40.6875,239.3125,-1.0318905,7.0103755,17.415096,8.5207405,2.2900138,1.2135105,0.53413963,0.85885197,,1.0
1930,40.6875,239.4375,-2.1418867,5.9155126,16.359097,7.3970766,1.8471259,1.0520134,0.545619,0.8005163,,1.0
1931,40.6875,239.5625,-1.10182,6.9832907,17.454628,8.444522,1.4116842,0.8474711,0.5189765,0.6478852,,1.0
1932,40.6875,239.6875,-1.2251238,6.9163427,17.420223,8.347709,1.1626954,0.8107122,0.5152193,0.59585917,,1.0
1933,40.6875,239.8125,-1.8777273,6.3688617,16.965183,7.7593646,1.2990062,0.8946595,0.52978253,0.68169713,,1.0
1934,40.6875,239.9375,-1.2367313,7.2317805,17.94178,8.521985,1.4837717,0.79860294,0.47303194,0.656177,,1.0
1935,40.8125,235.9375,9.062557,10.984674,14.70567,12.959511,8.235589,4.025402,0.39024547,2.7738452,117.33657302358183,2.0
1936,40.8125,236.0625,7.269512,10.355644,15.535773,12.30293,9.035714,4.2697906,0.34861332,2.9117708,98.64008645348908,2.0
1937,40.8125,236.1875,4.4323683,8.766847,15.485942,10.659716,9.128597,3.610027,0.43379283,2.6465485,101.41832304126862,2.0
1938,40.8125,236.3125,1.8865571,7.2779484,15.354211,9.097968,8.413441,3.3170323,0.46309334,2.5688176,106.26017697917631,2.0
1939,40.8125,236.4375,4.071146,10.00335,18.529549,11.728953,7.5926614,3.3695529,0.44374186,2.451754,102.52207416494467,2.0
1940,40.8125,236.5625,3.3788285,9.963622,19.212427,11.6734495,6.9428635,3.20621,0.3938073,2.374083,78.05692196347296,2.0
1941,40.8125,236.6875,3.1420383,10.027497,19.67482,11.775391,5.904622,2.7582142,0.38778588,2.1044497,82.91052165149816,2.0
1942,40.8125,236.8125,2.3967144,9.43564,19.246511,11.173031,5.1250744,2.3461957,0.39942262,1.8972415,60.054482286001544,2.0
1943,40.8125,236.9375,2.9446573,9.902248,19.791237,11.695772,5.8760886,2.3601038,0.40225637,2.0115607,67.40545231365546,2.0
1944,40.8125,237.0625,0.69186676,7.606658,17.566195,9.445946,6.863606,2.6255922,0.39861554,2.2882338,73.87116841194198,2.0
1945,40.8125,237.1875,3.8192432,10.802634,20.932686,12.694185,5.953371,2.4763155,0.3226609,1.8715912,69.43057189703856,2.0
1946,40.8125,237.3125,3.1929193,10.100908,20.448444,12.25396,7.142272,3.5093367,0.39100856,1.8906653,85.16697758985968,2.0
1947,40.8125,237.4375,4.5384293,11.313585,21.932737,13.857068,9.269694,4.643648,0.55259484,2.550408,60.582042565362485,2.0
1948,40.8125,237.5625,6.928844,13.595053,24.299221,16.325062,9.363699,4.263347,0.5443597,2.5330582,47.45986398539836,2.0
1949,40.8125,237.6875,8.229698,14.875215,25.594364,17.681211,9.646208,4.064225,0.5772345,2.517898,51.91107988866153,2.0
1950,40.8125,237.8125,7.472254,14.18401,24.830343,16.86286,9.261093,3.9907532,0.5643749,2.5186372,73.22649452091024,2.0
1951,40.8125,237.9375,6.760975,13.590939,23.981619,15.990611,8.343645,4.216633,0.5687554,2.7270098,84.66623969946255,2.0
1952,40.8125,238.0625,4.953029,11.832933,21.760662,13.861792,7.3901563,3.995402,0.60607386,2.6935701,,2.0
1953,40.8125,238.1875,0.18315092,7.1295605,16.87664,8.935743,6.3899336,3.6555157,0.7358549,2.5492606,,2.0
1954,40.8125,238.3125,0.02497229,7.0854554,16.68645,8.700958,5.0369296,2.7586691,0.5872626,1.9922642,,2.0
1955,40.8125,238.4375,0.33619362,7.420983,17.027727,9.008841,3.4676247,1.856769,0.5486478,1.3781645,,1.0
1956,40.8125,238.5625,1.6527711,8.626485,18.294958,10.324954,3.2972488,1.7293856,0.5508979,1.0651037,,1.0
1957,40.8125,238.6875,-0.5064953,6.404792,16.18128,8.239863,3.0282671,1.551347,0.5619216,0.89568985,,1.0
1958,40.8125,238.8125,-1.5467281,5.3478,15.209496,7.2816057,2.7988565,1.4183156,0.6473849,1.0135307,,2.0
1959,40.8125,238.9375,-0.8956945,6.109542,16.035147,8.017216,2.6652484,1.3698466,0.76332194,1.0035994,,1.0
1960,40.8125,239.0625,-1.8487275,5.785149,15.977967,7.418559,2.5496082,1.328306,0.7399854,0.94551545,,2.0
1961,40.8125,239.1875,-2.2687607,5.536624,15.789419,7.117668,1.9919621,1.134076,0.6825,0.83426744,,1.0
1962,40.8125,239.3125,-1.2532268,6.591198,16.93497,8.184312,1.5703635,1.0728674,0.6109574,0.75180525,,1.0
1963,40.8125,239.4375,-1.5235264,6.351372,16.710922,7.9293876,1.4042283,1.0015272,0.5387197,0.70767736,,1.0
1964,40.8125,239.5625,-1.4050254,6.4712095,16.845291,8.029086,1.2824727,0.92611444,0.5299438,0.6659032,,1.0
1965,40.8125,239.6875,-0.87715685,7.0168104,17.433609,8.575707,1.1967967,0.92982507,0.53570795,0.6661215,,1.0
1966,40.8125,239.8125,-1.3536884,6.6040425,17.130327,8.169496,1.2221822,0.98611337,0.53275293,0.70164114,,1.0
1967,40.8125,239.9375,-1.5078197,6.6182437,17.30578,8.140949,1.2813758,0.934616,0.55785096,0.6716367,,1.0
1968,40.9375,235.9375,9.0191,11.684815,16.335642,13.6444845,8.076106,3.7781544,0.3913349,2.6294918,85.46013250505145,2.0
1969,40.9375,236.0625,6.449828,10.14402,16.10411,12.0554905,9.871077,4.3349967,0.44388196,2.7655458,94.96532827170019,2.0
1970,40.9375,236.1875,4.570589,9.613193,17.231945,11.453928,8.751932,3.647901,0.48602688,2.9289556,101.3367421174465,2.0
1971,40.9375,236.3125,3.4890165,9.295831,17.87671,11.087833,8.931094,3.8198333,0.4869847,2.906836,117.2412488688413,2.0
1972,40.9375,236.4375,4.696611,10.845935,19.67858,12.56284,7.0402193,2.9411132,0.37639803,2.040433,116.74133486464076,2.0
1973,40.9375,236.5625,2.4081037,8.80907,17.83532,10.502651,6.4577403,2.5293522,0.4159016,1.9669367,94.01069119050513,1.0
1974,40.9375,236.6875,1.6491631,8.246033,17.618729,9.999571,4.4274006,2.1526349,0.4591055,1.9614714,108.24172262814287,1.0
1975,40.9375,236.8125,-0.19804445,6.5926948,16.302975,8.385623,4.205916,2.029395,0.52389234,1.8959553,57.2487746317556,1.0
1976,40.9375,236.9375,-1.6614186,5.1975236,15.060648,7.016276,4.8230643,2.227496,0.7488191,1.9504267,50.69021821089094,2.0
1977,40.9375,237.0625,-2.0560925,4.8289194,14.773092,6.650828,5.9041376,3.1327024,0.37424186,1.9629842,54.59617379629411,2.0
1978,40.9375,237.1875,0.0074664643,6.8628817,16.865671,8.75958,6.665235,3.600412,0.35174662,2.097892,64.02037349283046,2.0
1979,40.9375,237.3125,4.0803256,10.903177,21.260115,13.142466,10.43072,4.677951,0.5117534,2.6304445,62.91858012162414,2.0
1980,40.9375,237.4375,2.704118,9.386574,19.82249,11.841551,11.985928,5.263211,0.62430716,2.5621805,92.96605193967928,2.0
1981,40.9375,237.5625,6.119462,12.731945,23.154446,15.247007,11.335853,4.6608696,0.6530565,2.769328,74.03560490852806,2.0
1982,40.9375,237.6875,5.924757,12.452693,22.875944,15.009298,11.411621,4.4356866,0.6283634,2.7352324,80.07191441566314,2.0
1983,40.9375,237.8125,5.9575515,12.492409,22.826675,14.944956,10.71719,4.376899,0.6217289,2.7590766,81.5989171325446,2.0
1984,40.9375,237.9375,5.10248,11.786692,21.848509,13.978714,11.036319,4.95795,0.6193011,3.160738,82.07526509142639,2.0
1985,40.9375,238.0625,3.9690082,10.980707,20.730543,12.744838,9.457418,4.7569933,0.6807713,3.1451693,,2.0
1986,40.9375,238.1875,0.9401695,8.121389,17.669909,9.62983,7.257764,3.8975258,0.6783349,2.715294,,2.0
1987,40.9375,238.3125,1.7140644,8.998238,18.451275,10.375255,4.0159225,2.1111054,0.43223584,1.377843,,2.0
1988,40.9375,238.4375,2.930459,10.35582,19.864643,11.599747,3.1690133,1.6682571,0.4325286,1.1121503,,2.0
1989,40.9375,238.5625,1.9972885,9.32005,18.899025,10.726648,3.1600156,1.5790235,0.5378229,1.087674,,2.0
1990,40.9375,238.6875,1.4883854,8.684395,18.385227,10.286066,2.6351097,1.3240174,0.58165693,0.9358117,,1.0
1991,40.9375,238.8125,0.9268157,8.094007,17.916767,9.836149,2.29189,1.2119012,0.7000853,0.93862855,,1.0
1992,40.9375,238.9375,-0.81222075,6.5831184,16.50717,8.250099,2.27138,1.2587206,0.75302094,0.9032166,,1.0
1993,40.9375,239.0625,-1.1425903,6.430563,16.486904,8.088983,2.342126,1.3584921,0.73626,0.92031217,,1.0
1994,40.9375,239.1875,-1.6385934,5.893275,16.177977,7.7149324,2.0504396,1.4498899,0.74169,0.95103186,,2.0
1995,40.9375,239.3125,-1.4742962,6.1115203,16.438812,7.898249,1.7133003,1.28554,0.7046221,0.8710464,,1.0
1996,40.9375,239.4375,-0.62883276,7.0314646,17.404549,8.756199,1.2467916,0.90007156,0.5451762,0.6501272,,1.0
1997,40.9375,239.5625,-1.6207306,6.0747943,16.436089,7.7654176,1.5335791,1.1772854,0.70543796,0.81588286,,1.0
1998,40.9375,239.6875,-1.3994898,6.2351103,16.615765,7.9783726,1.3350117,1.0935091,0.6476004,0.7447042,,1.0
1999,40.9375,239.8125,-0.8460491,6.7580914,17.292204,8.577827,1.2994848,1.119182,0.6567408,0.7569388,,1.0
2000,40.9375,239.9375,-2.0396414,5.6912727,16.37188,7.482749,1.4807408,1.1962798,0.7609486,0.81440127,,1.0
2001,41.0625,235.9375,7.747244,11.024653,16.361914,12.975191,9.578439,4.42136,0.46866518,3.1752539,72.92283847882683,2.0
2002,41.0625,236.0625,5.906009,10.05883,16.462112,11.960183,10.374297,4.626102,0.44898593,2.7910678,101.21479249560782,2.0
2003,41.0625,236.1875,4.177276,9.295838,16.872513,11.128942,8.481994,4.045449,0.6087073,3.4882689,110.81483740232544,2.0
2004,41.0625,236.3125,5.446142,11.140381,19.402147,12.9522,8.8666,3.7059898,0.4751173,3.2175121,115.63993138957726,2.0
2005,41.0625,236.4375,3.0833414,9.150556,17.780647,10.895792,8.106514,3.5739992,0.49511567,2.4583714,123.79030474222067,2.0
2006,41.0625,236.5625,-0.23128767,6.0705843,14.960378,7.7891865,8.1290455,3.6392496,0.5008906,1.7149212,68.6902844267908,1.0
2007,41.0625,236.6875,1.373488,7.8309336,17.107405,9.609883,4.6842794,2.0540466,0.5552243,1.7952476,76.53079497510302,2.0
2008,41.0625,236.8125,-0.18366997,6.395249,16.041567,8.248881,4.1219587,2.0168493,0.6336477,1.76582,74.16498180309728,2.0
2009,41.0625,236.9375,-0.6304945,6.0109644,15.813863,7.894079,3.6930285,1.9848989,0.7794708,1.6787981,68.97353953278781,2.0
2010,41.0625,237.0625,-2.6844854,4.0914807,13.960859,5.8943768,4.31476,2.3017368,0.48092318,1.9447106,62.637046187189334,2.0
2011,41.0625,237.1875,-1.7888099,5.053463,14.934988,6.814275,6.4475846,3.2429779,0.4208071,2.4056149,70.67213724139441,2.0
2012,41.0625,237.3125,2.5340989,9.324546,19.219683,11.133605,9.303243,4.171105,0.48307824,2.5475118,57.65745069398938,2.0
2013,41.0625,237.4375,1.2116077,7.8813944,17.952112,9.945469,9.934726,4.140898,0.5143346,2.3048034,69.1325679154137,2.0
2014,41.0625,237.5625,1.8862797,8.332804,18.442001,10.600052,9.745273,4.152223,0.5687493,2.645332,69.73460346067574,2.0
2015,41.0625,237.6875,4.222348,10.64064,20.706923,12.879818,9.828856,4.532995,0.60750425,2.743912,97.85687392234496,2.0
2016,41.0625,237.8125,4.288816,10.6858425,20.736681,12.914118,10.426661,4.507026,0.579973,2.729526,111.49338838925388,2.0
2017,41.0625,237.9375,2.9399848,9.460712,19.319801,11.466451,11.869593,5.284198,0.59926206,3.245291,91.26957998430497,1.0
2018,41.0625,238.0625,3.6492863,10.483548,20.201324,12.224351,10.467191,4.918602,0.6276805,3.2197757,,2.0
2019,41.0625,238.1875,0.8616214,7.926351,17.532944,9.480217,7.3643527,3.8529239,0.6138196,2.4495668,,2.0
2020,41.0625,238.3125,1.5107898,8.73932,18.279,10.161385,4.665855,2.2447095,0.45772552,1.4803321,,2.0
2021,41.0625,238.4375,2.027458,9.34929,18.916187,10.759451,4.1125093,1.9703121,0.47635,1.2948391,,2.0
2022,41.0625,238.6875,2.249666,9.572864,19.341183,11.159869,2.8259358,1.3820992,0.53042334,0.941994,,
2023,41.0625,238.8125,0.7530596,8.09248,18.006268,9.813992,2.3322935,1.2531143,0.6269159,0.90097505,,2.0
2024,41.0625,238.9375,0.42325318,7.8925285,17.919424,9.646648,2.2971194,1.4044119,0.6867625,0.9531026,,1.0
2025,41.0625,239.0625,-0.39748648,7.0346785,17.17131,8.88694,2.4013202,1.6295828,0.79276025,1.0603769,,2.0
2026,41.0625,239.1875,-0.7468596,6.624427,16.859665,8.564029,2.2641156,1.7627712,0.86665225,1.1285952,,2.0
2027,41.0625,239.3125,-0.74446595,6.6219087,16.939653,8.57082,1.7911811,1.4672881,0.75101835,0.9773304,,1.0
2028,41.0625,239.4375,-1.2264392,6.0785236,16.458275,8.070876,1.8608176,1.5303851,0.7805258,0.98763204,,1.0
2029,41.0625,239.5625,-0.87603575,6.3500805,16.750984,8.396215,1.584974,1.4265476,0.76257014,0.8950536,,1.0
2030,41.0625,239.6875,-1.4147562,5.7512765,16.261816,7.8653364,1.5576007,1.4821742,0.8056972,0.9266992,,1.0
2031,41.0625,239.8125,-2.3370764,4.816206,15.392516,6.962225,1.7336525,1.6098412,0.8949404,1.001238,,1.0
2032,41.0625,239.9375,-2.120997,5.1479683,15.8538475,7.2646136,1.5718248,1.3291429,0.81084853,0.8388574,,1.0
2033,41.1875,235.9375,7.022554,10.010528,14.872318,12.042331,10.7484455,5.3044205,0.62614936,3.9103634,154.80294526003038,2.0
2034,41.1875,236.0625,5.5972915,9.614872,15.67425,11.552742,9.390261,5.4481626,0.59744596,3.696492,115.82088896405234,2.0
2035,41.1875,236.1875,4.8626633,9.699384,16.683815,11.520222,9.216588,4.659744,0.5013373,3.2082958,116.1885970396594,2.0
2036,41.1875,236.3125,4.8936343,10.472063,18.151613,12.151099,9.10542,4.043782,0.4724929,3.1480389,124.58214877614904,2.0
2037,41.1875,236.4375,3.0952725,9.321775,17.72888,10.907144,6.9814086,3.8948646,0.55492884,2.2486694,118.79893891413798,2.0
2038,41.1875,236.5625,0.070254095,6.436832,15.12027,8.040321,5.9696417,3.2115088,0.6450973,1.6195701,107.47444698749878,2.0
2039,41.1875,236.6875,1.3119793,7.8361344,17.100182,9.569464,5.457986,2.4023173,0.6024317,1.8223367,96.52550096982911,2.0
2040,41.1875,236.8125,2.671838,9.235403,18.919964,11.10634,4.8021436,2.0584767,0.5484537,1.8290992,86.40145270837742,2.0
2041,41.1875,236.9375,0.78086305,7.398373,17.169376,9.249384,4.9818516,2.0790405,0.5718157,1.9380841,100.8153892519188,2.0
2042,41.1875,237.0625,-2.7752783,4.053009,13.854757,5.7169266,6.1128254,2.3629675,0.5928132,2.2365592,77.2558083516274,2.0
2043,41.1875,237.1875,-2.48682,4.4119444,14.190769,5.997602,6.9365153,2.9211187,0.5240098,2.1424656,64.61645010744928,2.0
2044,41.1875,237.3125,0.24037208,7.064547,16.822584,8.677479,6.9350853,3.148128,0.5002782,2.0831327,60.472512798694474,2.0
2045,41.1875,237.4375,-0.60436934,6.0529165,15.866531,7.813421,7.672587,3.6097708,0.53167796,2.413821,54.543674650542336,2.0
2046,41.1875,237.5625,-0.8382693,5.665763,15.547927,7.590664,8.574969,3.926095,0.56316864,2.5744948,75.57671053547156,2.0
2047,41.1875,237.6875,2.796206,9.206052,19.069471,11.236072,9.504673,4.0464363,0.56935596,2.4986353,96.93531909768394,2.0
2048,41.1875,237.8125,3.000248,9.33671,19.25098,11.437947,9.605345,3.7423067,0.52856505,2.3475246,109.39853007653265,2.0
2049,41.1875,237.9375,2.9473898,9.287466,19.248926,11.402621,8.985413,3.7551274,0.5397449,2.4074602,98.91609975993359,2.0
2050,41.1875,238.0625,0.69296485,7.2353225,17.083103,9.178297,9.399645,3.9139674,0.5979096,2.4609365,,2.0
2051,41.1875,238.1875,0.3940067,7.2317467,16.958946,8.964539,7.7419343,3.6179633,0.67896473,2.613009,,2.0
2052,41.1875,238.3125,0.5003819,7.5354695,17.176924,9.117414,6.1377034,2.5269146,0.6444324,1.9594457,,2.0
2053,41.1875,238.4375,1.8262904,9.041926,18.708202,10.583922,4.281002,1.9533215,0.49442044,1.3404889,,2.0
2054,41.1875,238.5625,2.1092563,9.453914,19.187527,10.980442,3.5166693,1.7231338,0.48535937,1.1247132,,2.0
2055,41.1875,238.6875,0.16137987,7.561934,17.439266,9.189972,2.805759,1.4226397,0.7027563,0.94778126,,2.0
2056,41.1875,238.8125,0.79207015,8.252187,18.240139,9.957536,2.3237205,1.230351,0.5939332,0.8891881,,1.0
2057,41.1875,238.9375,1.2440937,8.704472,18.836277,10.562999,1.8471708,1.1543416,0.5561909,0.8179682,,1.0
2058,41.1875,239.0625,1.1663171,8.5286255,18.706884,10.522796,1.7999493,1.227104,0.5411125,0.8683616,,1.0
2059,41.1875,239.1875,-0.8014925,6.5561447,16.811922,8.542259,2.7362037,2.0554283,0.89425886,1.3335856,,2.0
2060,41.1875,239.3125,-1.6122022,5.6543307,15.997995,7.67679,2.6930535,2.1864061,0.95595896,1.3886385,,2.0
2061,41.1875,239.4375,-0.41351208,6.6877837,17.084135,8.820888,1.9555562,1.6863465,0.78418446,1.0568902,,1.0
2062,41.1875,239.5625,0.6370256,7.4570317,17.915283,9.806881,1.402643,1.3839796,0.74393976,0.8417968,,1.0
2063,41.1875,239.6875,-0.08915581,6.5312433,17.06377,9.041135,1.693133,1.6925004,0.888188,1.0175619,,1.0
2064,41.1875,239.8125,-3.4276705,3.3269205,13.912526,5.759957,2.019476,1.985836,1.0574422,1.2032481,,1.0
2065,41.1875,239.9375,-0.053085383,6.9841313,17.717148,9.264711,1.4686329,1.2242452,0.66925895,0.78758425,,1.0
2066,41.3125,235.9375,7.7253304,10.546467,15.143257,12.640939,10.714075,5.5548778,0.71240187,4.2033596,183.18428653241597,2.0
2067,41.3125,236.0625,6.0426064,9.118814,13.994888,11.170937,11.095699,6.146226,0.7538762,4.5651574,124.874409690887,2.0
2068,41.3125,236.1875,4.9328833,9.019464,14.949218,10.891233,10.895569,5.383737,0.55335706,3.9882777,123.25724545725215,2.0
2069,41.3125,236.3125,3.4439268,8.969445,16.315115,10.574765,8.486479,3.9885573,0.3703127,2.7364788,131.5850937457788,2.0
2070,41.3125,236.4375,4.977504,11.532393,19.88308,12.941263,6.6583505,3.3512013,0.40101352,2.3577235,135.41621025395514,2.0
2071,41.3125,236.5625,2.6780627,9.173246,17.680061,10.649322,5.74156,3.0653994,0.51199347,1.9163873,96.64025039822378,2.0
2072,41.3125,236.6875,2.3803372,8.994802,18.13076,10.626177,7.368213,3.633641,0.5724718,1.758689,55.20670944070667,1.0
2073,41.3125,236.8125,1.3696456,8.177158,17.808292,9.884266,4.9462323,2.023705,0.593321,1.7980924,83.74327934414491,2.0
2074,41.3125,236.9375,0.5642873,7.4506807,17.202557,9.114087,5.6160336,2.2050974,0.62705654,2.1196508,83.3760510587631,1.0
2075,41.3125,237.0625,-2.1974044,4.7752037,14.515956,6.2694087,6.4834065,2.7831883,0.6357963,2.2504568,56.416911517793615,2.0
2076,41.3125,237.1875,1.1934371,8.2622595,17.96762,9.627063,4.404147,1.868885,0.5448502,1.4979503,31.40608132526319,1.0
2077,41.3125,237.3125,-0.12802143,6.860382,16.607353,8.296451,4.906953,2.4430258,0.528853,1.5527607,50.92000946597564,2.0
2078,41.3125,237.4375,-2.3093798,4.3781047,14.179919,6.0771723,6.1641383,2.7250073,0.4877637,1.8577107,46.829174534271814,2.0
2079,41.3125,237.5625,-1.6319181,4.8790874,14.749886,6.750075,7.3848124,3.1693716,0.5007121,2.1474571,55.776643858636135,2.0
2080,41.3125,237.6875,2.2828975,8.703332,18.620916,10.641393,7.139204,3.1473567,0.50149065,2.0559936,71.54104798269212,2.0
2081,41.3125,237.8125,-0.6349541,5.7186756,15.673518,7.7790093,8.503395,3.8930402,0.597625,2.5550919,70.15572020781532,2.0
2082,41.3125,237.9375,1.651028,7.99102,17.953785,10.079792,7.7876253,3.5885892,0.5206958,2.2722116,69.06389966433171,2.0
2083,41.3125,238.0625,1.8182098,8.25413,18.14645,10.25051,7.5896735,3.3308008,0.5640051,2.218859,,2.0
2084,41.3125,238.1875,0.48642516,7.1157746,16.931883,8.993592,6.3126197,3.018793,0.64279205,2.040569,,2.0
2085,41.3125,238.3125,0.67760724,7.5856853,17.483149,9.426844,4.806668,2.3286884,0.5974295,1.645972,,2.0
2086,41.3125,238.4375,1.4495559,8.48613,18.401217,10.288561,3.9546666,1.8942156,0.5613353,1.295646,,2.0
2087,41.3125,238.5625,0.69550693,7.9979463,17.99136,9.735638,2.8769445,1.5232722,0.61906755,1.0278943,,2.0
2088,41.3125,238.6875,0.8657272,8.24557,18.307451,10.001575,2.448957,1.3242099,0.6163231,0.9347211,,2.0
2089,41.3125,238.8125,1.078214,8.517927,18.68964,10.315679,2.2209158,1.2319729,0.5910165,0.896127,,2.0
2090,41.3125,238.9375,0.15136753,7.5703497,17.767265,9.403649,2.3323934,1.6104348,0.7696928,1.1177125,,2.0
2091,41.3125,239.0625,-0.1072456,7.32964,17.587456,9.202253,2.2470384,1.6085429,0.6799662,1.0676681,,2.0
2092,41.3125,239.1875,-1.5049254,5.9217625,16.249447,7.8113904,3.0248635,2.383045,0.9641187,1.4754387,,2.0
2093,41.3125,239.3125,-0.16190521,7.1966863,17.586905,9.115028,2.207662,1.8134134,0.6958441,1.1386107,,1.0
2094,41.3125,239.4375,0.9778483,8.183743,18.621727,10.208531,1.3148909,1.1843152,0.508181,0.79040134,,1.0
2095,41.3125,239.5625,1.1962537,8.099384,18.659746,10.400211,1.301818,1.3570061,0.6698538,0.81938463,,1.0
2096,41.3125,239.6875,-0.58552206,5.909109,16.445158,8.5091,1.837749,1.8475144,0.896158,1.0931879,,2.0
2097,41.3125,239.8125,-3.3698983,3.415535,14.08977,5.8568883,2.078111,1.9060873,0.9510015,1.171326,,2.0
2098,41.3125,239.9375,1.5769929,8.748993,19.63058,10.98361,1.5084985,1.138275,0.5324831,0.75780386,,1.0
2099,41.4375,235.9375,7.86024,10.433338,14.821862,12.544411,11.286548,5.850174,0.7503679,4.4961367,180.3888089723101,2.0
2100,41.4375,236.0625,6.9254217,9.656658,14.189525,11.74243,11.601458,6.013277,0.7397918,4.759849,113.00230898590836,2.0
2101,41.4375,236.1875,4.1074376,7.5891433,12.871286,9.541314,13.524183,6.6872888,0.6869574,5.1597466,111.89292847902419,2.0
2102,41.4375,236.3125,2.075586,6.910128,13.575517,8.628498,7.6069446,3.5598361,0.3719926,2.7588575,130.23015210788975,2.0
2103,41.4375,236.4375,2.894901,8.657013,16.299547,10.229216,6.950008,3.3826528,0.38119048,2.3191562,125.91690380300228,2.0
2104,41.4375,236.5625,3.603171,10.007326,18.633686,11.561157,6.0399876,3.3138146,0.5078145,2.0779157,109.62723139068723,2.0
2105,41.4375,236.6875,1.4345623,8.150904,17.381435,9.711224,8.480567,5.0125856,0.68308604,1.4881752,85.70961833189942,2.0
2106,41.4375,236.8125,-1.4460132,5.4538794,14.991886,6.9940567,10.06134,3.9133005,0.69739556,1.6103307,93.26735316092096,2.0
2107,41.4375,236.9375,-1.3034552,5.714355,15.443303,7.1923575,6.550012,2.85089,0.5520161,2.2200024,93.08582364213959,2.0
2108,41.4375,237.0625,-0.21663068,6.9206314,16.77369,8.324324,4.300353,1.947216,0.46353272,1.4555691,66.98933996219748,2.0
2109,41.4375,237.1875,2.3788605,9.584942,19.460772,10.932058,3.384098,1.4528942,0.5066347,1.2069793,16.288393244914506,1.0
2110,41.4375,237.3125,0.12835172,7.26875,17.16869,8.660191,3.6953175,1.9680166,0.5851033,1.6057209,27.078925433173566,2.0
2111,41.4375,237.4375,-0.77085704,6.102726,15.959972,7.662524,4.981518,2.4221542,0.48525655,1.651173,35.12785054595255,2.0
2112,41.4375,237.5625,2.4619994,9.073214,18.851877,10.801753,4.69355,2.0908291,0.50282085,1.506103,28.34906411340638,1.0
2113,41.4375,237.6875,0.43158853,7.015211,16.840229,8.804112,7.5136757,4.0075693,0.6037475,2.5105202,32.717426425012995,2.0
2114,41.4375,237.8125,-6.50229,-0.015490808,9.853852,1.8767711,10.809426,5.299618,1.0090309,3.50649,32.4631772786509,2.0
2115,41.4375,237.9375,-2.0010672,4.4640403,14.3475065,6.3892303,6.9876647,3.0984676,0.68025005,1.918022,83.31238763619699,2.0
2116,41.4375,238.0625,-0.8470783,5.6321387,15.470328,7.5300555,6.5133524,2.711595,0.728712,1.7753178,,2.0
2117,41.4375,238.1875,-0.14015624,6.4279037,16.454851,8.457748,6.6457834,3.0312295,0.68314934,2.012908,,2.0
2118,41.4375,238.3125,0.5584326,7.223734,17.32704,9.289674,4.6408396,2.3224561,0.5987012,1.5584608,,2.0
2119,41.4375,238.4375,0.39448816,7.3722987,17.524128,9.312165,2.970706,1.7280186,0.60171604,1.1224892,,2.0
2120,41.4375,238.5625,0.7671243,8.064912,18.266558,9.923534,1.9389236,1.258602,0.6244209,0.82759696,,2.0
2121,41.4375,238.6875,1.0407411,8.401939,18.60417,10.214678,1.9103291,1.212812,0.5845977,0.8692011,,2.0
2122,41.4375,238.8125,0.50319123,7.932766,18.20431,9.740055,2.136614,1.4059557,0.66753477,0.97890425,,1.0
2123,41.4375,238.9375,0.2116414,7.58206,17.899652,9.428465,2.1508167,1.4057453,0.62960887,0.987154,,2.0
2124,41.4375,239.0625,0.42832485,7.9011545,18.242327,9.682776,2.085302,1.5076073,0.63816106,0.993365,,1.0
2125,41.4375,239.1875,0.67994165,8.201181,18.57987,9.9547205,1.8116963,1.3635254,0.5664567,0.9147748,,1.0
2126,41.4375,239.3125,0.82449186,8.335242,18.691944,10.069665,1.51627,1.1601453,0.50502086,0.80362993,,1.0
2127,41.4375,239.4375,0.6497419,8.198702,18.548855,9.880142,1.24708,1.1080115,0.48886457,0.7050944,,1.0
2128,41.4375,239.5625,0.60758185,8.055802,18.611076,9.915409,1.5144091,1.4178326,0.66941714,0.83577454,,1.0
2129,41.4375,239.6875,-1.4107552,6.0580096,16.976276,8.103965,2.3395371,2.1167414,0.90826046,1.2616421,,2.0
2130,41.4375,239.8125,-1.7100922,6.001283,17.22318,8.009287,2.124696,1.6640263,0.7775042,1.0794191,,1.0
2131,41.4375,239.9375,1.5587709,9.28449,20.534883,11.283142,1.4905875,1.0597141,0.52691126,0.76754194,,1.0
2132,41.5625,235.9375,8.133965,10.52011,14.783867,12.635201,11.563981,5.992964,0.7687037,4.3223877,99.34575340080175,2.0
2133,41.5625,236.0625,5.5439897,8.097545,12.512905,10.18698,10.700956,5.5368576,0.7241746,4.447005,96.61473595477953,2.0
2134,41.5625,236.1875,2.7892814,5.865079,10.783977,7.8660274,9.871916,5.821089,0.620339,4.77817,111.83986469445864,2.0
2135,41.5625,236.3125,0.9436729,5.4342804,11.964615,7.242973,8.924489,4.986728,0.5117334,3.5367174,75.47129355037787,2.0
2136,41.5625,236.4375,3.8091314,9.154416,16.612886,10.814886,8.542974,3.2845669,0.420011,2.7350926,74.1168836666104,2.0
2137,41.5625,236.5625,1.9485626,8.339341,17.173786,9.87457,5.9477634,3.3138208,0.75847733,2.2599788,90.4300038955872,2.0
2138,41.5625,236.6875,-1.6237335,5.2986603,14.726875,6.7447605,4.0610785,4.6204424,0.8083029,1.8012359,78.36977650289465,1.0
2139,41.5625,236.8125,-1.948696,5.1086116,14.67193,6.483384,8.338503,4.7722588,0.69103354,1.718978,93.87776027436547,2.0
2140,41.5625,236.9375,-2.4899256,4.78393,14.674953,6.092242,4.7171063,2.5987961,0.4942056,1.8776958,79.44838731170644,2.0
2141,41.5625,237.0625,1.9289119,9.310615,19.269476,10.515033,3.1564775,1.2848676,0.3882559,1.1898696,35.00987496867864,1.0
2142,41.5625,237.1875,1.9491494,9.357966,19.334665,10.528157,3.2239203,1.2788779,0.39988387,1.127599,17.855196750847043,1.0
2143,41.5625,237.3125,0.112686634,7.4967184,17.63579,8.85638,4.787021,2.1728966,0.45664364,1.8259352,34.250779546134595,2.0
2144,41.5625,237.4375,2.2508576,9.4864025,19.668245,11.001538,2.963234,1.130307,0.4399696,1.1147399,18.687269464775614,1.0
2145,41.5625,237.5625,3.750254,10.749855,20.79478,12.343089,2.3105457,0.9030091,0.3912374,0.9528903,9.8304759105723,1.0
2146,41.5625,237.6875,2.939077,9.7311735,19.658697,11.426437,3.7330906,1.7768157,0.4755165,1.3995895,10.638234186309065,1.0
2147,41.5625,237.8125,-0.69550025,5.9674253,15.795078,7.7000504,6.3991394,2.8920765,0.6941688,1.9987357,30.231188757831113,2.0
2148,41.5625,237.9375,-2.0378108,4.550244,14.312862,6.2916975,5.787088,2.2510848,0.8395893,1.2455648,64.59061769841603,2.0
2149,41.5625,238.0625,-1.3521881,5.299529,15.166678,7.1150775,5.228079,2.0826917,0.8003464,1.2374196,,2.0
2150,41.5625,238.1875,-1.5505321,5.1521473,15.171293,7.0860915,6.3224034,2.610358,0.96334845,1.6105517,,2.0
2151,41.5625,238.3125,-2.2553756,4.645033,14.767141,6.608104,4.6837173,2.1437073,1.042849,1.2415627,,2.0
2152,41.5625,238.4375,-3.0041199,3.9958515,14.246658,6.0212517,3.6006756,1.9543767,0.9500805,1.2070148,,2.0
2153,41.5625,238.5625,-0.4901587,6.6078267,16.92009,8.627457,1.8408127,1.2360374,0.6622117,0.8213749,,2.0
2154,41.5625,238.6875,1.3527743,8.574825,18.90334,10.54005,1.5342109,1.0843283,0.5239873,0.7609431,,1.0
2155,41.5625,238.8125,0.79727376,8.145256,18.433422,9.996178,1.7886447,1.1973246,0.601821,0.8119977,,1.0
2156,41.5625,238.9375,0.18307325,7.5807543,17.933804,9.401038,2.0084653,1.3989698,0.6183466,0.8738848,,1.0
2157,41.5625,239.0625,-0.17729382,7.292486,17.630085,9.044632,1.9647007,1.4705366,0.5709153,0.90961164,,1.0
2158,41.5625,239.1875,0.050605725,7.6139174,18.0471,9.34266,1.6906004,1.3632089,0.54250634,0.8638638,,1.0
2159,41.5625,239.3125,-0.19882809,7.3924823,17.803581,9.079988,1.4469937,1.23182,0.54677284,0.84427565,,1.0
2160,41.5625,239.4375,0.061938144,7.650814,18.02613,9.311248,1.3578944,1.1545421,0.5769014,0.77286184,,1.0
2161,41.5625,239.5625,0.40078676,8.043502,18.637287,9.804933,1.8522913,1.4258865,0.66569775,0.8437383,,1.0
2162,41.5625,239.6875,-1.9663155,5.869215,17.01402,7.7666755,2.8933506,2.4281633,0.8853457,1.4218329,,2.0
2163,41.5625,239.8125,-0.17461783,7.9530272,19.480556,9.801916,1.9465894,1.4021113,0.5601035,0.9445224,,1.0
2164,41.5625,239.9375,1.23048,9.193107,20.589756,11.087959,1.439679,1.0171247,0.5379034,0.810005,,1.0
2165,41.6875,235.9375,7.3419695,9.498976,13.548003,11.619875,15.9546995,7.98571,0.8284297,5.732018,103.09745137497245,2.0
2166,41.6875,236.0625,5.777942,8.268073,12.7190275,10.31259,15.360328,7.2244673,0.8587037,5.3206577,99.63672128345208,2.0
2167,41.6875,236.1875,4.061515,7.5948706,13.316554,9.480907,11.564074,5.661491,0.8200551,4.0532317,122.63218504927472,2.0
2168,41.6875,236.3125,0.50385433,5.4444685,12.826979,7.15469,10.341098,5.842048,0.71246946,4.1702404,97.86430567516621,2.0
2169,41.6875,236.4375,1.8809271,7.702033,16.062103,9.30794,11.294648,4.119329,0.6652505,3.5894163,88.1991554414695,2.0
2170,41.6875,236.5625,3.9827366,10.642889,20.001623,12.137127,8.153241,3.9820669,0.5679271,2.9118948,91.68160394773484,2.0
2171,41.6875,236.6875,1.48765,8.457505,18.004307,9.887254,6.448273,5.5686893,0.7657018,2.637246,68.93368918572934,1.0
2172,41.6875,236.8125,-1.6315033,5.5229216,15.258324,6.914747,6.3889728,3.8469203,0.56731814,2.0498297,73.32673837941215,1.0
2173,41.6875,236.9375,0.9916767,8.296272,18.232105,9.615441,4.356703,1.6390562,0.369286,1.5859449,55.365048017165115,1.0
2174,41.6875,237.0625,0.96662325,8.372787,18.413954,9.635135,3.3866038,1.3236362,0.4359791,1.1919781,59.06172866818931,2.0
2175,41.6875,237.1875,0.58913666,8.076403,18.239338,9.374428,3.8371801,1.3518978,0.46345216,1.3394089,38.055194993907286,1.0
2176,41.6875,237.3125,0.9090167,8.551252,19.11252,10.079022,3.3838978,1.2759904,0.5172286,1.352334,34.69531983910973,2.0
2177,41.6875,237.4375,2.89743,10.493435,21.023102,12.032516,2.4409766,0.84216285,0.44727194,0.9028997,12.065205636396318,1.0
2178,41.6875,237.5625,3.3719118,10.70988,20.945969,12.212052,2.0360894,0.7062959,0.41092426,0.8339677,5.680980529563561,1.0
2179,41.6875,237.6875,1.8028623,8.855986,18.856417,10.411234,4.1215744,1.7930233,0.57527226,1.4156675,22.336901427479035,1.0
2180,41.6875,237.8125,-2.5182538,4.3936577,14.198964,5.9278817,4.1807346,1.8974613,0.6701778,1.4238181,42.03382223979129,2.0
2181,41.6875,237.9375,-0.85873663,6.0085964,15.68438,7.520895,2.7709863,1.2918289,0.649304,0.8678918,25.302377828337637,2.0
2182,41.6875,238.0625,0.0012472211,6.920835,16.585527,8.442444,2.6541233,1.2490025,0.61754113,0.77355635,,2.0
2183,41.6875,238.1875,0.19856432,7.189941,17.08904,8.901191,2.8985198,1.3679044,0.68089175,0.8631589,,2.0
2184,41.6875,238.3125,-0.2538852,6.7859135,17.006422,8.752239,2.6681807,1.6675764,0.87446755,1.0109355,,2.0
2185,41.6875,238.4375,-0.843668,6.1279526,16.60817,8.351652,2.3089507,1.770167,0.96753305,0.99366975,,2.0
2186,41.6875,238.5625,1.0638247,8.055357,18.536383,10.2624035,1.4112455,0.988894,0.5688821,0.6679107,,1.0
2187,41.6875,238.6875,1.5391265,8.650959,18.98306,10.658458,1.2483089,0.88957524,0.5176118,0.64385915,,1.0
2188,41.6875,238.8125,1.1820282,8.421863,18.697971,10.284211,1.4739789,1.0187352,0.58235925,0.6799143,,1.0
2189,41.6875,238.9375,0.39916325,7.710565,17.990582,9.523232,1.750709,1.1754633,0.687976,0.76560223,,1.0
2190,41.6875,239.0625,-0.021868367,7.355135,17.741259,9.141687,1.8326972,1.2634318,0.65977055,0.8270152,,1.0
2191,41.6875,239.1875,0.04130001,7.556905,18.03167,9.314741,1.7032143,1.3323207,0.6063137,0.8352184,,1.0
2192,41.6875,239.3125,-0.14606495,7.566375,18.070314,9.233929,1.5622103,1.2996212,0.6255854,0.8558587,,1.0
2193,41.6875,239.4375,-0.08546325,7.662144,18.212858,9.347549,1.7507124,1.4503884,0.6857322,0.89500165,,1.0
2194,41.6875,239.5625,0.3531018,8.159718,18.858316,9.913084,2.0740306,1.5900097,0.7359477,0.9035146,,1.0
2195,41.6875,239.6875,-2.0567698,5.8565593,16.700489,7.647298,3.2138226,2.5583332,0.90498567,1.5401123,,2.0
2196,41.6875,239.8125,0.34065843,8.314202,19.230463,10.120611,2.226753,1.4541806,0.61205304,1.0092467,,
2197,41.6875,239.9375,0.39378682,8.307311,19.251772,10.142793,1.7988753,1.3095124,0.67435485,0.8931968,,1.0
2198,41.8125,235.9375,8.027108,10.189909,14.321839,12.261615,13.893827,6.708368,0.72679645,5.1043715,147.70953405020649,2.0
2199,41.8125,236.0625,5.922595,8.74877,13.708919,10.713067,14.567611,6.8429923,0.83714217,5.4150643,94.31163286523477,2.0
2200,41.8125,236.1875,3.5119817,7.706863,14.465463,9.488586,14.993986,6.219266,0.803407,5.225085,103.70379494290273,2.0
2201,41.8125,236.3125,0.8991024,5.93869,13.762708,7.6137056,13.520241,5.8907213,0.87816024,5.074765,116.43296028304825,2.0
2202,41.8125,236.4375,-0.15294386,5.7803173,14.508619,7.3723917,12.865588,5.311591,0.9310478,4.5368376,74.37077726037654,2.0
2203,41.8125,236.5625,2.607211,9.451239,19.068165,10.945117,10.069212,4.352189,0.6632613,3.6108582,113.86253493915898,2.0
2204,41.8125,236.6875,3.7370338,10.696118,20.327072,12.1508465,8.206345,3.46828,0.5664099,2.9006698,86.15154100970044,2.0
2205,41.8125,236.8125,2.177823,9.203165,18.92005,10.617377,7.495109,2.845592,0.555823,2.4955819,59.11953211965969,1.0
2206,41.8125,236.9375,2.3449454,9.550312,19.473757,10.94864,5.4419928,2.0779276,0.5185504,1.9245752,72.09282496406234,2.0
2207,41.8125,237.0625,2.3735015,9.66906,19.737566,11.079503,4.3334327,1.5609257,0.4885381,1.5337205,58.30663437521438,2.0
2208,41.8125,237.1875,1.7777908,9.134641,19.339676,10.5869665,3.9880748,1.5719144,0.5510454,1.5462213,39.28030305918782,1.0
2209,41.8125,237.3125,1.9423465,9.38352,19.746752,10.911097,3.0730724,1.1402471,0.507918,1.1484934,27.94604330705773,1.0
2210,41.8125,237.4375,2.605936,10.044567,20.407927,11.589458,2.4508665,0.81862277,0.4396539,0.9150532,17.71098127186839,1.0
2211,41.8125,237.5625,2.976103,10.294904,20.522089,11.841881,2.0478299,0.71734905,0.40555793,0.85995793,5.2420701961549225,1.0
2212,41.8125,237.6875,0.43198118,7.5598297,17.577404,9.1268635,2.6029682,1.2593439,0.4990651,1.1317316,35.46219267910291,1.0
2213,41.8125,237.8125,-2.9227073,4.13859,13.938084,5.6234455,2.2265813,1.2732886,0.6233697,0.9824067,76.17207912579514,2.0
2214,41.8125,238.0625,0.3305492,7.378175,17.009607,8.795508,1.6793453,1.018863,0.56588596,0.7590424,,1.0
2215,41.8125,238.1875,0.15319407,7.315601,17.197088,8.902591,1.822187,1.0634451,0.5434645,0.73591185,,1.0
2216,41.8125,238.3125,0.729639,7.8860607,18.003368,9.696405,1.5664312,1.0482444,0.55123866,0.7078024,,1.0
2217,41.8125,238.4375,1.2920837,8.403753,18.720814,10.400787,1.1982223,0.87044555,0.5159988,0.62436455,,1.0
2218,41.8125,238.5625,1.5403416,8.67182,18.976274,10.636484,1.0407944,0.7645878,0.49572992,0.59093004,,1.0
2219,41.8125,238.6875,1.2404788,8.443194,18.661514,10.28,1.2243897,0.8619617,0.57046896,0.62762773,,1.0
2220,41.8125,238.8125,0.59171605,7.778502,17.973087,9.599514,1.3333454,0.94825447,0.676534,0.6392794,,1.0
2221,41.8125,238.9375,0.7483198,7.95371,18.15733,9.756928,1.4010524,0.98959,0.72231036,0.6433107,,1.0
2222,41.8125,239.0625,0.1281238,7.410218,17.641,9.138809,1.6914188,1.1967422,0.77398294,0.7615281,,1.0
2223,41.8125,239.1875,-0.32503903,7.253559,17.515072,8.88109,1.837091,1.2955912,0.7188984,0.7861073,,1.0
2224,41.8125,239.3125,-0.26040176,7.523767,18.024843,9.170804,1.6404635,1.3623682,0.71235126,0.7917912,,1.0
2225,41.8125,239.4375,-0.25083122,7.6395416,18.269485,9.313219,1.7816088,1.4294263,0.7282746,0.85649234,,1.0
2226,41.8125,239.5625,0.44831684,8.416065,19.018246,10.073001,2.0520127,1.4315711,0.698717,0.85901725,,
2227,41.8125,239.6875,-0.88359094,7.1731043,17.659325,8.789055,2.580658,1.8829731,0.8067444,1.136468,,2.0
2228,41.8125,239.8125,-0.5935653,7.55971,17.78577,9.087774,2.271822,1.5044569,0.6190072,0.9894889,,2.0
2229,41.8125,239.9375,0.5717269,8.692116,18.986084,10.2496605,1.8407722,1.2350985,0.63277996,0.84006345,,1.0
2230,41.9375,235.9375,7.091047,9.694075,14.355977,11.69342,14.29847,6.500571,0.8113918,5.051354,86.42760043397786,2.0
2231,41.9375,236.0625,5.141081,8.559565,14.278541,10.388844,14.570925,6.951128,0.8502606,5.498923,23.249241126544902,1.0
2232,41.9375,236.1875,4.3782487,9.025056,16.392239,10.669899,13.72222,6.0377235,0.62023646,5.039663,105.54474938723256,2.0
2233,41.9375,236.3125,2.1419837,7.323645,15.381138,8.901156,14.979795,6.916929,0.88032836,5.941331,110.61554912103394,2.0
2234,41.9375,236.4375,-0.24721476,5.5496683,14.220568,7.0808463,13.017562,6.214075,0.8135155,5.1377325,100.42859356116959,2.0
2235,41.9375,236.5625,1.5373521,8.089319,17.402435,9.527473,11.742512,5.2679214,0.6515796,4.390949,127.487947006462,2.0
2236,41.9375,236.6875,0.9287838,7.6362643,17.071938,9.052206,7.88988,3.5238407,0.72520363,2.9120102,109.5070979106803,2.0
2237,41.9375,236.8125,0.25298238,7.005143,16.504242,8.426073,6.8194823,3.194069,0.76038295,2.5717876,96.68836266950275,2.0
2238,41.9375,236.9375,0.4479809,7.2984543,16.87811,8.667671,5.8978205,3.0389276,0.82035655,2.3842216,117.68426394104573,2.0
2239,41.9375,237.0625,-1.6301538,5.270232,15.055612,6.725938,6.2591662,2.8226972,0.8219449,2.2857518,88.22185812277102,2.0
2240,41.9375,237.1875,0.99797815,7.9911427,17.921581,9.49147,3.91638,1.5676816,0.5452563,1.4406612,61.534444922418594,2.0
2241,41.9375,237.3125,0.56080997,7.595621,17.646084,9.24967,3.5020125,1.3522992,0.54676014,1.259583,53.95521351820044,2.0
2242,41.9375,237.4375,2.3245084,9.342533,19.43382,11.060002,3.0265675,0.98932767,0.44990283,1.0939226,22.68520623215032,1.0
2243,41.9375,237.5625,3.2199943,10.196562,20.260645,11.946576,2.2972023,0.8204353,0.45207915,0.9420862,10.326124410300922,1.0
2244,41.9375,237.6875,1.4304001,8.375308,18.383022,10.134927,2.8485672,1.2771178,0.55691814,1.2222432,30.62948136649625,1.0
2245,41.9375,237.8125,-0.237994,6.859822,16.808168,8.492342,2.3812535,1.033747,0.54542786,0.87740076,46.3840715935979,2.0
2246,41.9375,237.9375,0.15591191,7.3091345,17.128546,8.823758,1.7591946,0.9652361,0.5213181,0.81958467,17.844661958070837,1.0
2247,41.9375,238.0625,0.5264179,7.8029475,17.672323,9.279541,1.6931502,0.98318726,0.52079153,0.8331283,,1.0
2248,41.9375,238.6875,0.9510978,8.109097,18.18657,9.818374,1.2772605,0.9139505,0.560077,0.64324903,,1.0
2249,41.9375,238.8125,0.6153372,7.6869416,17.812838,9.490514,1.4129252,0.9903403,0.66618556,0.64321584,,1.0
2250,41.9375,238.9375,0.7702099,7.7994876,17.938372,9.639622,1.4349945,0.9688274,0.7340897,0.60914326,,1.0
2251,41.9375,239.0625,0.3425159,7.3608675,17.675007,9.287563,1.6370924,1.1034932,0.74621445,0.6792204,,1.0
2252,41.9375,239.1875,-0.4802113,6.7038803,17.053543,8.508671,1.9549558,1.3151675,0.74531454,0.79627603,,1.0
2253,41.9375,239.3125,-0.99503845,6.437559,16.856579,8.233111,2.0650425,1.4870561,0.812014,0.8724775,,1.0
2254,41.9375,239.4375,-0.8110658,6.8696055,17.391779,8.61152,2.0175571,1.4544325,0.82436293,0.87976295,,1.0
2255,41.9375,239.6875,-0.25901195,7.747982,18.278526,9.367978,3.1386757,2.1102016,0.8284798,1.3507369,,1.0
2256,41.9375,239.8125,-2.8941226,5.1986513,15.535978,6.741703,4.000875,2.655108,0.8301561,1.7035605,,2.0
2257,41.9375,239.9375,-0.6239329,7.3973527,17.746563,8.983662,1.6440656,1.1666274,0.6697704,0.7510551,,1.0
